((23,66),(2.0,2.440381704013779))
((24,33),(1.0,0.8094027400169619))
((26,35),(1.0,1.013302009062809))
((28,45),(1.0,1.2283298756949974))
((26,0),(1.0,0.763526509573499))
((10,56),(1.0,1.260548251473225))
((1,91),(1.0,1.2739452690958237))
((29,74),(1.0,0.9741378934751017))
((7,47),(4.0,3.9448591176890275))
((4,17),(1.0,0.857513902810247))
((13,40),(2.0,2.0735763078643017))
((28,99),(1.0,1.0203628483456757))
((5,71),(1.0,1.0435007200140074))
((23,61),(1.0,1.0342730538272573))
((8,9),(1.0,1.1562620577275091))
((21,81),(1.0,0.9041944991689195))
((9,6),(1.0,1.0768891670440062))
((13,77),(2.0,1.947062224104473))
((24,39),(1.0,1.1429574981198591))
((8,54),(1.0,1.2544573416310225))
((16,36),(1.0,1.6075873434814385))
((15,33),(2.0,2.2693687217749074))
((9,63),(3.0,3.176798335951295))
((6,89),(1.0,1.2637617855150136))
((28,27),(1.0,0.9311786149770851))
((15,48),(2.0,2.07613663620914))
((18,48),(1.0,0.992880753993588))
((23,38),(1.0,1.1704491263398478))
((21,45),(1.0,1.1209844335529688))
((23,32),(5.0,4.714287731007816))
((21,96),(3.0,2.716921512769283))
((0,17),(1.0,1.1571731976979962))
((26,91),(1.0,0.6178186832165129))
((3,37),(1.0,1.0775124370833293))
((22,19),(1.0,1.0287423454991655))
((29,15),(1.0,1.2837031942238188))
((14,27),(1.0,1.1228418274515257))
((14,31),(3.0,2.8813065323511133))
((17,34),(1.0,0.760724967586407))
((9,88),(1.0,0.7469082122146087))
((20,93),(1.0,0.9843991170094311))
((28,15),(1.0,0.9749517667764827))
((1,77),(3.0,3.0842096923520512))
((6,61),(3.0,2.6469323726945637))
((13,93),(4.0,3.426851818600252))
((15,62),(1.0,1.6041029921389263))
((12,91),(3.0,2.893187231928235))
((9,36),(2.0,2.269391690060651))
((4,44),(1.0,1.4032955109321978))
((10,36),(1.0,1.3715684825305274))
((19,0),(1.0,0.7369204035233201))
((3,38),(2.0,2.1173261069412743))
((12,67),(1.0,1.0915211755394223))
((22,35),(1.0,1.0302980209122024))
((17,79),(1.0,0.9671120741825591))
((9,9),(1.0,1.2616961910022404))
((5,51),(1.0,1.2120391133376294))
((15,26),(3.0,2.6411247533869022))
((9,83),(1.0,0.9376095534038127))
((13,6),(1.0,1.2275353715654842))
((4,63),(3.0,2.630033185003626))
((27,90),(1.0,1.3783963256190006))
((22,65),(1.0,1.5007908746741325))
((13,43),(2.0,2.1411870041507335))
((5,68),(4.0,3.1712432617454303))
((15,23),(2.0,1.097170805461865))
((19,56),(2.0,2.084859186037068))
((3,35),(1.0,0.9117242060601389))
((18,18),(1.0,1.3316357381430537))
((10,28),(1.0,1.28692782185347))
((8,53),(5.0,4.800749448629878))
((0,3),(1.0,1.0643736093021197))
((0,71),(1.0,0.9752775116610577))
((15,65),(2.0,2.162990450808318))
((22,40),(1.0,1.075808277821411))
((12,18),(2.0,2.037142318456197))
((26,50),(2.0,2.0826869948073994))
((4,70),(4.0,3.785970370341281))
((7,30),(1.0,0.8210913256640753))
((10,10),(1.0,0.7927493199940843))
((17,60),(1.0,0.7647760996195947))
((6,6),(1.0,0.7585836805892825))
((27,83),(3.0,2.8482968458150237))
((13,64),(1.0,0.6795805129941574))
((5,60),(1.0,0.40967996458272227))
((17,92),(1.0,1.0163046449118776))
((14,34),(1.0,1.0715167562409351))
((24,94),(2.0,2.093792844634349))
((15,37),(1.0,1.0911045302023106))
((20,73),(2.0,1.8856405658223898))
((6,25),(5.0,4.865615565866873))
((23,97),(1.0,1.585244330287565))
((10,89),(3.0,3.0209544706491505))
((28,52),(1.0,1.0234574418622735))
((29,39),(1.0,1.3609359439241553))
((26,24),(5.0,4.94660361912822))
((12,30),(2.0,1.7706890106771236))
((17,69),(1.0,0.5280279780829884))
((4,20),(1.0,0.8792915338825491))
((29,4),(1.0,1.0704143335088467))
((18,44),(4.0,3.449664655839534))
((8,64),(1.0,1.2936857653543887))
((19,82),(1.0,1.0225209421677737))
((20,85),(2.0,2.0971381953722776))
((22,61),(1.0,1.2593778944248046))
((22,30),(5.0,4.544198896426457))
((4,88),(3.0,2.38937071424072))
((22,92),(3.0,2.7804214428061456))
((6,85),(3.0,3.117876116180601))
((19,90),(4.0,3.7956551123282836))
((11,38),(4.0,3.9861668438741233))
((23,65),(5.0,4.791643593510209))
((4,73),(1.0,0.9055396388195787))
((26,97),(1.0,1.0488839868835356))
((27,86),(1.0,0.8795696680429713))
((23,55),(5.0,5.459479292718108))
((6,96),(1.0,0.9049283713682694))
((2,8),(5.0,5.100371931561177))
((24,96),(5.0,4.837933909379807))
((11,11),(1.0,0.9080322332239199))
((11,22),(1.0,0.8669405569260746))
((20,88),(3.0,3.2867518881219997))
((28,33),(1.0,1.0736557505560111))
((22,41),(3.0,3.057468220785161))
((19,69),(2.0,2.170275347357879))
((29,79),(2.0,1.7206854011349104))
((12,63),(1.0,0.8032042338068837))
((3,80),(4.0,3.9493683531103048))
((9,61),(1.0,0.9606839387285591))
((2,6),(1.0,1.2261412983489093))
((2,87),(2.0,1.7128415170688474))
((22,80),(3.0,3.25983203206219))
((18,56),(1.0,0.8694080067384542))
((16,54),(5.0,4.32621027888829))
((23,83),(1.0,0.8493183295266866))
((5,65),(2.0,2.167633653034924))
((2,38),(1.0,1.3952298372759762))
((0,30),(1.0,1.2365220131997638))
((2,50),(1.0,0.9488309829618533))
((1,14),(1.0,1.411763740889339))
((12,52),(1.0,0.8178968126042827))
((10,22),(1.0,1.0098050694746799))
((4,14),(2.0,2.3457270590658674))
((12,94),(4.0,3.4910710067227857))
((24,6),(3.0,2.5118181144725416))
((0,92),(4.0,4.016787565362844))
((27,27),(3.0,2.7971142239665117))
((14,48),(1.0,0.9928152684508335))
((26,54),(4.0,3.889929183395042))
((11,50),(4.0,3.608167708832122))
((18,20),(1.0,1.0297176983807583))
((18,31),(1.0,1.2359022352983926))
((17,82),(2.0,1.7066244371618216))
((18,66),(3.0,3.2395125927142416))
((11,71),(3.0,2.846768384357456))
((23,48),(5.0,4.781105992834469))
((14,14),(3.0,3.053216546579356))
((9,58),(1.0,1.1915229096887654))
((24,32),(3.0,3.265391923959137))
((11,75),(3.0,2.658834630302677))
((25,82),(1.0,1.0737796741149497))
((18,70),(1.0,0.9668070626364695))
((2,22),(1.0,0.9044499149359098))
((4,55),(1.0,0.7399936849113683))
((20,45),(2.0,1.7915466411952834))
((8,85),(5.0,4.746445582852667))
((1,76),(1.0,0.9377376518747012))
((5,28),(1.0,0.8432870439761191))
((29,86),(1.0,1.1101550460838867))
((28,20),(1.0,0.9187388992426038))
((10,67),(2.0,1.8898907633200883))
((20,89),(1.0,0.985888894333651))
((24,27),(3.0,2.8715904462640784))
((25,74),(1.0,0.8573621670203888))
((3,14),(1.0,0.6032018410673662))
((24,72),(4.0,3.7350888932871706))
((15,22),(2.0,2.1008636885355125))
((22,0),(1.0,1.0912901106929462))
((8,3),(2.0,1.838790299324043))
((14,6),(1.0,1.320425205082129))
((13,3),(1.0,0.8590304136320099))
((13,18),(3.0,2.217564558831687))
((14,71),(1.0,0.9278383240149517))
((18,23),(2.0,2.0755823242166054))
((13,12),(1.0,1.0709152622202787))
((15,72),(1.0,0.28484968828470164))
((16,80),(1.0,1.0255998131769086))
((14,45),(1.0,1.3928009852744325))
((15,29),(1.0,1.0452922918450707))
((5,54),(1.0,1.4975064346717772))
((11,25),(1.0,0.8268151252576899))
((0,87),(1.0,1.4245496581321317))
((25,23),(1.0,1.4850712462949784))
((11,77),(1.0,0.8273614288680967))
((1,56),(2.0,1.800247447335006))
((2,39),(5.0,4.779282621079798))
((6,94),(1.0,1.0706654974730165))
((23,36),(3.0,2.634421468735256))
((18,28),(5.0,4.818461111352493))
((17,73),(3.0,2.8179035346315557))
((12,79),(3.0,2.7543436854185934))
((2,15),(2.0,1.6779021323017744))
((3,67),(1.0,0.8076592216859261))
((24,91),(1.0,0.9824741794726704))
((6,44),(1.0,0.605537800792348))
((17,84),(1.0,1.0395749013109705))
((28,3),(1.0,1.0428221360754921))
((26,66),(1.0,1.1598946404005441))
((22,32),(4.0,3.631891032183681))
((24,68),(3.0,3.0748233624764594))
((6,60),(1.0,1.1804398368945805))
((3,44),(1.0,0.9377957943638235))
((7,16),(1.0,1.1466178485061191))
((10,58),(1.0,1.0947313006081103))
((29,5),(1.0,1.0522520794540746))
((24,63),(4.0,3.9745419226426133))
((16,49),(1.0,0.7999023595677508))
((2,47),(1.0,1.1559663643995952))
((4,24),(1.0,1.0135676011180297))
((15,50),(2.0,1.8260690170452052))
((16,29),(4.0,3.7589768554143896))
((29,94),(4.0,3.3870118383264565))
((24,24),(1.0,1.1310267478586509))
((15,64),(3.0,2.9000122844483442))
((8,67),(3.0,2.715135072025823))
((15,19),(2.0,2.1958093553088265))
((18,40),(1.0,0.9954138452011605))
((23,33),(2.0,1.9958550608562122))
((20,29),(2.0,2.5117006861622837))
((29,19),(3.0,2.5624930655715943))
((0,77),(2.0,2.0030581405052077))
((8,55),(1.0,1.0106780738636476))
((13,68),(1.0,0.8622105777960938))
((4,34),(1.0,0.9334884167508124))
((10,37),(1.0,1.1584170752388503))
((4,89),(2.0,1.9890761802062382))
((21,38),(1.0,0.46363189697369545))
((24,31),(1.0,1.29198395704018))
((6,28),(1.0,0.7388340683340737))
((6,50),(1.0,0.7407535835219465))
((19,65),(1.0,1.1437790886983925))
((22,26),(1.0,1.1832320577090596))
((21,13),(1.0,0.9886890447731354))
((20,91),(1.0,0.9093327378924043))
((18,75),(1.0,1.1727797630199461))
((24,90),(5.0,5.259225313116793))
((3,26),(1.0,0.8587860681793413))
((25,50),(1.0,1.0826371302993654))
((7,44),(1.0,1.1289235200394163))
((14,39),(2.0,2.097156265920547))
((14,68),(1.0,1.1036521139737))
((14,76),(5.0,4.518877301532206))
((26,3),(1.0,0.9968651553574313))
((9,32),(4.0,3.9556829895647407))
((6,10),(1.0,1.090208301907365))
((7,7),(1.0,0.4855880283586229))
((12,72),(1.0,0.8609143883351946))
((11,19),(4.0,3.5105329094915296))
((23,73),(3.0,3.0417031092919093))
((12,83),(1.0,1.1561853526850991))
((1,60),(1.0,1.394493781240124))
((5,64),(3.0,2.9293155800549435))
((9,21),(1.0,1.2307504134419278))
((9,38),(1.0,1.3808957550489516))
((3,60),(3.0,2.748745709064856))
((9,69),(1.0,1.3523658060015897))
((7,96),(1.0,1.1507298090822848))
((3,94),(3.0,2.7359939708101355))
((4,67),(2.0,2.3088155248208393))
((24,40),(1.0,0.826126663298218))
((25,43),(1.0,0.8612592652084019))
((16,74),(1.0,1.111794331827746))
((10,13),(2.0,1.9233614205321379))
((21,7),(2.0,2.377982537286546))
((3,24),(3.0,3.162359872920176))
((4,61),(1.0,1.2271331818234334))
((21,0),(1.0,1.1762398490867951))
((4,87),(3.0,3.4395554977607565))
((4,36),(1.0,1.5576280644785925))
((3,51),(5.0,4.939644786600471))
((26,94),(5.0,4.987912825233615))
((18,29),(1.0,1.0214118158485732))
((1,88),(2.0,2.0661059929622274))
((19,43),(1.0,0.7402614339278286))
((25,22),(1.0,1.0008306453357436))
((6,63),(3.0,2.8782275314202557))
((10,79),(1.0,0.8179458293388555))
((16,50),(1.0,0.7260273836447961))
((29,46),(5.0,4.885598017839079))
((22,74),(5.0,5.021736780744898))
((4,10),(1.0,0.8504816857948656))
((25,56),(1.0,0.8714362685437438))
((8,96),(3.0,3.3784366463298205))
((2,88),(1.0,0.8076108560860513))
((12,24),(1.0,1.056504519549303))
((14,69),(3.0,2.8680120272275804))
((7,21),(1.0,1.0182029779986144))
((10,55),(2.0,2.066603946470063))
((8,97),(1.0,0.9042330148156581))
((21,2),(4.0,3.9424658511846697))
((22,6),(2.0,2.127196764447981))
((12,84),(1.0,1.1316228023533927))
((0,9),(4.0,3.5237084577110993))
((0,68),(1.0,1.3387989373240698))
((22,99),(1.0,0.9685729603290094))
((12,51),(1.0,1.1631123198182127))
((27,59),(1.0,0.6399499470256689))
((3,34),(3.0,2.7649396876117684))
((10,4),(3.0,2.2147579380266675))
((19,12),(1.0,0.8197450834430109))
((1,63),(1.0,1.380572549788495))
((8,0),(1.0,0.8867386038508377))
((11,18),(5.0,5.245085952975318))
((11,23),(5.0,5.1271954442561025))
((15,73),(1.0,0.9443546273418952))
((4,15),(1.0,1.1345462414625311))
((19,98),(4.0,3.4185330974349446))
((6,86),(1.0,1.1346974848852769))
((28,29),(1.0,1.1179420644944695))
((10,2),(4.0,3.915150328188919))
((11,0),(1.0,1.1436585964371373))
((17,49),(3.0,3.3805260477009225))
((5,91),(2.0,2.4993044267843607))
((15,15),(1.0,1.2105116126298492))
((22,29),(3.0,3.648690395516038))
((9,25),(1.0,1.189104675570461))
((15,51),(1.0,1.3720286622470632))
((2,26),(1.0,1.4120023184911807))
((0,21),(1.0,1.0030269197824646))
((1,13),(1.0,0.6920027838666956))
((21,21),(1.0,0.9276896413169511))
((21,43),(3.0,2.9141644318901307))
((14,44),(1.0,0.6832509055091252))
((6,16),(2.0,1.8074737192667798))
((21,55),(1.0,0.7856942631546875))
((26,52),(1.0,0.9524224540422384))
((6,17),(1.0,1.1880899872343287))
((23,64),(4.0,4.0973812401147764))
((9,59),(1.0,1.1548393286528278))
((12,8),(1.0,1.0659268345162398))
((9,3),(1.0,0.9401422356257525))
((14,55),(1.0,0.7172620176403435))
((0,5),(2.0,1.3987248568031752))
((12,75),(1.0,0.8390127198583848))
((26,85),(1.0,1.1632472652571468))
((4,29),(4.0,3.865573106073141))
((29,13),(3.0,2.885611914292694))
((29,22),(3.0,2.8790818377222824))
((18,80),(3.0,3.061054945720917))
((6,56),(1.0,1.0647545485868666))
((18,7),(1.0,0.9759163157486981))
((17,90),(5.0,5.243139921800438))
((9,87),(4.0,3.8277283790721137))
((9,37),(2.0,1.6420087398565224))
((12,77),(1.0,0.8364620181768139))
((0,44),(1.0,0.9149668998723708))
((18,1),(1.0,0.9506955663435921))
((3,29),(3.0,2.240715592415043))
((29,85),(1.0,0.7665109163893522))
((26,13),(3.0,2.9457204542518878))
((8,99),(1.0,0.9410412368669557))
((7,39),(3.0,2.6420877124285234))
((23,43),(1.0,1.3373208678125112))
((24,57),(1.0,1.1291723631782593))
((24,89),(1.0,0.9375624294900025))
((21,48),(1.0,0.8805100227713614))
((26,55),(1.0,1.3713250042340692))
((28,50),(1.0,1.2472524443932125))
((22,81),(1.0,1.1115234291380875))
((12,21),(1.0,1.2777883525227325))
((10,35),(1.0,0.8646105048309272))
((1,67),(1.0,1.2374497579054555))
((6,77),(1.0,0.9740974922200282))
((23,87),(3.0,2.8785957614236852))
((20,75),(4.0,3.5578543214909026))
((24,50),(1.0,1.092842971096375))
((13,73),(1.0,1.0455124708906538))
((7,42),(2.0,1.9688163985883924))
((8,7),(1.0,1.1622681169476214))
((17,55),(5.0,4.423880128650133))
((4,1),(1.0,1.1916042437187688))
((20,77),(4.0,3.5457240828737357))
((14,36),(1.0,0.6906173868786338))
((5,0),(1.0,1.437013871494969))
((13,51),(1.0,1.2682175368104571))
((22,16),(1.0,1.064505632312497))
((6,87),(1.0,1.185898087554006))
((29,80),(1.0,1.1016546929934448))
((1,9),(3.0,2.516331845151104))
((17,19),(1.0,1.4164408060986835))
((23,68),(3.0,3.0511053137092685))
((28,75),(1.0,1.1872758177631635))
((11,94),(2.0,2.6322788626505753))
((1,73),(1.0,1.2377208240302635))
((18,76),(3.0,2.8969120777351236))
((26,95),(1.0,1.0726745997523786))
((27,24),(2.0,2.1008399755744924))
((9,70),(3.0,2.984771647264612))
((7,3),(1.0,1.1001412944174875))
((14,47),(3.0,2.6617233346627596))
((11,47),(1.0,0.958691008112877))
((6,84),(1.0,1.360731587887996))
((25,84),(2.0,1.729945937269866))
((6,45),(1.0,1.1690444680339396))
((3,46),(1.0,1.0312878598906479))
((22,68),(4.0,3.587249274614501))
((18,15),(1.0,1.0951294000665408))
((29,25),(1.0,1.1713231027383815))
((17,2),(1.0,1.0383800439680773))
((27,61),(1.0,0.6218203812580578))
((26,40),(1.0,0.9899005988735351))
((12,82),(2.0,2.2767048007021753))
((0,50),(1.0,1.1676804865005055))
((11,89),(1.0,1.1389154472304095))
((19,93),(1.0,0.9777623954711272))
((20,26),(1.0,1.286496616536867))
((1,16),(1.0,1.254331596162662))
((10,51),(1.0,0.5098619808128566))
((15,52),(1.0,1.036162669090001))
((7,33),(1.0,1.3333387326065287))
((9,94),(2.0,2.3337017852228676))
((16,51),(5.0,4.454757541152738))
((6,18),(1.0,1.055765628171911))
((13,5),(1.0,1.0880763363265191))
((13,33),(1.0,1.1474768067381826))
((11,66),(4.0,3.8004157451299267))
((24,80),(1.0,0.9121747516602934))
((16,38),(1.0,1.0284781587116014))
((22,90),(2.0,2.4000726107924275))
((25,20),(1.0,0.9330818463575872))
((3,18),(4.0,3.676039602389922))
((17,47),(1.0,0.6832567577059425))
((25,41),(1.0,0.9869883536174693))
((20,76),(1.0,1.4683959268944768))
((2,57),(2.0,1.6638172286551873))
((11,10),(1.0,1.1860009286761994))
((7,77),(1.0,1.1205372083944556))
((1,47),(1.0,1.2869040592785317))
((3,89),(1.0,1.0219583511004817))
((26,49),(3.0,2.978865982244032))
((24,12),(1.0,0.5546520182828605))
((28,34),(1.0,1.0391838931806743))
((1,92),(2.0,2.30537565316843))
((6,67),(3.0,3.1274714402354236))
((9,82),(1.0,0.9717914899058424))
((26,47),(1.0,1.150842928809678))
((4,39),(2.0,1.7293010857766529))
((19,84),(1.0,1.025696186810467))
((17,28),(1.0,0.9886576623786285))
((7,82),(1.0,1.098876594447455))
((22,84),(1.0,1.3598208451960176))
((2,13),(1.0,0.9175751862698087))
((6,53),(1.0,1.3399791494033952))
((29,69),(1.0,1.5281427087136665))
((5,36),(3.0,2.4429355241623325))
((14,25),(2.0,2.167600751893374))
((22,86),(1.0,1.1856599156295884))
((10,16),(2.0,1.9479979347204468))
((20,79),(1.0,0.8538155679143171))
((24,49),(1.0,0.5701945649187459))
((13,78),(1.0,0.9193511493010614))
((26,23),(5.0,4.437254186054156))
((6,26),(1.0,0.9180741092703832))
((14,9),(1.0,0.8192610749070925))
((18,98),(1.0,1.0397701275564035))
((8,90),(1.0,0.8455196909326759))
((18,6),(1.0,0.7735167740147784))
((4,40),(3.0,2.6901251651807696))
((16,9),(1.0,0.829043179897508))
((18,67),(1.0,0.8780596172868451))
((7,2),(2.0,2.5416332724406785))
((13,83),(3.0,2.7699221280178783))
((19,1),(1.0,1.0326053141060543))
((6,55),(1.0,1.2067705863691236))
((8,50),(1.0,0.8013520816656694))
((1,72),(1.0,1.0365823991243497))
((23,39),(1.0,0.6403530519093807))
((6,33),(1.0,1.070329059661375))
((10,39),(1.0,1.3212791019099175))
((7,86),(1.0,0.9662180682081789))
((27,31),(1.0,0.6645602422042691))
((27,20),(1.0,1.153374336581971))
((8,52),(5.0,4.9713950620780984))
((0,54),(1.0,0.4495172475303395))
((26,6),(3.0,2.9754737208994824))
((12,78),(1.0,1.0535316612906822))
((15,87),(1.0,1.2220397894231616))
((16,57),(1.0,1.1913093955372198))
((18,38),(5.0,4.787474948266804))
((23,84),(1.0,0.9294207150288338))
((19,87),(2.0,1.6133662472756969))
((3,56),(1.0,1.288335456451602))
((6,38),(1.0,1.1718621396254916))
((27,57),(1.0,1.3515014259905727))
((10,7),(1.0,1.3173979296139462))
((14,93),(3.0,3.069369000682768))
((22,33),(1.0,1.2233463770204647))
((8,40),(2.0,2.01923932851975))
((16,12),(1.0,1.181788631900945))
((15,91),(2.0,2.146336651223289))
((1,86),(2.0,1.4427267660683025))
((8,35),(1.0,0.8451800886703875))
((26,2),(1.0,0.7403193715899905))
((12,17),(5.0,5.067582351957695))
((23,6),(2.0,1.648405023793671))
((13,99),(1.0,1.0330076601264155))
((14,82),(1.0,1.107789745316164))
((21,19),(1.0,0.9191073817171307))
((22,62),(4.0,3.0358933556625507))
((27,45),(1.0,0.875551512354571))
((24,88),(2.0,1.79468078141495))
((26,81),(3.0,2.8626836062343695))
((11,61),(1.0,0.9714530579494189))
((17,13),(2.0,2.664942420965152))
((18,82),(1.0,0.8410668912613541))
((1,62),(4.0,3.070796206249221))
((21,24),(1.0,0.9187109910823131))
((9,15),(1.0,1.1153673156627084))
((3,9),(1.0,0.872092058379137))
((18,42),(1.0,1.0696011987694987))
((3,47),(1.0,0.9358631809016136))
((23,95),(2.0,2.262615263489915))
((5,29),(1.0,0.8009833462296179))
((4,78),(1.0,0.9877026921948311))
((4,43),(2.0,2.439471410467756))
((7,81),(1.0,1.4836302119510432))
((15,1),(4.0,3.5914582824089973))
((21,14),(3.0,2.9091924227331156))
((22,11),(1.0,0.8764495838883004))
((22,87),(3.0,2.599817937993402))
((28,85),(1.0,1.1762699872535731))
((9,75),(1.0,1.0863551270866016))
((13,15),(1.0,1.1667485052885116))
((0,28),(1.0,0.6040009539079112))
((7,48),(1.0,0.9180300117468068))
((14,13),(1.0,0.8692355447600149))
((16,91),(1.0,1.0109940747090573))
((13,17),(1.0,0.8799745115760329))
((29,81),(2.0,2.13019837550015))
((27,55),(3.0,2.517940566140321))
((28,49),(4.0,4.0806144770346275))
((1,28),(3.0,3.069570660116467))
((11,70),(1.0,0.9999582719975555))
((5,55),(5.0,3.9979473772061738))
((14,72),(4.0,3.928790265394875))
((8,58),(4.0,3.9505059742262327))
((8,4),(2.0,1.7383966936163606))
((18,32),(1.0,0.8357032144116641))
((27,70),(1.0,0.9056995818997384))
((2,76),(1.0,1.217981166580346))
((7,1),(1.0,1.1968301584888692))
((0,69),(1.0,1.0776098058443189))
((16,7),(1.0,0.7668551896586278))
((2,77),(1.0,0.9635069744022324))
((15,96),(1.0,0.594851802556969))
((27,75),(3.0,2.8690572429012953))
((19,48),(1.0,1.0292659970599765))
((1,85),(3.0,2.8968924519162464))
((8,71),(1.0,1.106084063003256))
((4,22),(1.0,1.2335119533452694))
((21,73),(1.0,1.019275934091203))
((11,27),(5.0,5.1897421686472605))
((11,30),(5.0,5.325963965486263))
((12,41),(1.0,1.0538848180146578))
((6,48),(1.0,0.8087059948682038))
((29,83),(1.0,1.2174327817544306))
((10,98),(1.0,1.1723635625657005))
((0,2),(3.0,3.019074056885932))
((0,11),(1.0,1.0174826234854242))
((28,95),(2.0,1.877494025641233))
((1,54),(1.0,1.526810298364599))
((14,54),(1.0,1.4978650507396232))
((21,51),(1.0,1.0448141374806847))
((28,98),(1.0,1.1072313871421045))
((29,29),(1.0,1.1251922024524017))
((5,27),(1.0,1.5086637912753957))
((29,93),(1.0,1.1535534875056292))
((5,10),(2.0,2.7191870001882035))
((28,0),(3.0,2.9697496998141557))
((11,78),(1.0,1.0611944218081408))
((9,84),(1.0,0.6810487873070525))
((17,17),(5.0,4.437668851012196))
((27,82),(1.0,1.0457710660460777))
((23,14),(1.0,1.2953627928612803))
((28,7),(1.0,1.199266749110521))
((4,9),(1.0,1.0742770103670902))
((7,22),(1.0,1.2577002338090422))
((17,20),(5.0,4.567534428163054))
((9,73),(2.0,2.064434347006932))
((10,75),(1.0,1.004597852796163))
((8,72),(3.0,3.1988248884692396))
((17,91),(3.0,2.908641666515831))
((23,37),(1.0,1.0852328123351036))
((14,28),(1.0,1.1233384711553578))
((22,95),(2.0,2.4410664677301446))
((9,24),(1.0,1.0888725153143715))
((24,46),(1.0,0.9056781475584998))
((29,33),(2.0,2.1676113603678733))
((17,38),(1.0,0.6416262629093058))
((13,94),(1.0,0.9276175956632331))
((15,79),(1.0,1.1604131779763354))
((8,98),(1.0,1.2170482383907864))
((20,48),(1.0,0.6057721628578315))
((10,66),(1.0,0.9615408282175748))
((26,57),(3.0,2.8666188817819283))
((28,57),(3.0,2.915096163765059))
((6,91),(2.0,2.1763357641092083))
((9,43),(3.0,2.67173607841591))
((14,88),(1.0,1.4645638679653428))
((16,19),(1.0,0.8518343496487297))
((16,15),(1.0,1.00907928573517))
((16,96),(3.0,3.288424318136755))
((8,18),(1.0,1.2018241007755375))
((26,71),(1.0,0.904877014585252))
((3,76),(3.0,2.8580762883692756))
((17,35),(2.0,2.043008235271123))
((25,30),(1.0,0.8490927262542725))
((19,81),(1.0,0.5164126153213004))
((27,44),(3.0,2.4871977679054944))
((20,6),(1.0,1.3927888488685494))
((15,97),(1.0,1.0405982048573368))
((19,14),(1.0,0.8350278776134339))
((27,78),(1.0,0.9083663516669922))
((13,31),(1.0,0.9203243806479965))
((13,49),(1.0,0.9110413916557085))
((26,14),(1.0,1.2126919338197493))
((0,61),(2.0,1.7397162028404576))
((5,79),(1.0,1.5335109070739221))
((16,85),(5.0,5.04301890266408))
((19,31),(1.0,0.7940080566349106))
((5,39),(1.0,0.7117940160581697))
((17,3),(1.0,1.1140360625487435))
((19,11),(1.0,1.1067001814904405))
((22,98),(4.0,3.895640166312076))
((24,66),(1.0,0.8712237602629802))
((5,31),(1.0,1.2542066163820884))
((6,43),(4.0,3.8249386104626812))
((14,79),(1.0,1.0727358914207228))
((6,30),(1.0,1.1760320531619275))
((7,23),(1.0,1.3536528107976862))
((18,47),(1.0,0.9694274636044629))
((17,66),(1.0,1.3077908413969288))
((12,4),(1.0,0.5667856870581724))
((2,71),(3.0,2.910630966543131))
((6,58),(4.0,3.5447195398505653))
((11,9),(1.0,0.7114592335574164))
((14,73),(1.0,0.8038180578626533))
((11,97),(3.0,2.661200222618425))
((14,7),(1.0,1.1669457258381437))
((20,61),(1.0,0.7235068273933284))
((9,35),(2.0,2.4500983806380674))
((27,0),(1.0,0.9960752461087873))
((28,1),(1.0,1.0511834525166974))
((1,6),(1.0,0.8933000580489034))
((26,76),(1.0,1.1160905353711943))
((17,56),(3.0,2.9562086268927157))
((3,68),(2.0,2.3120439442262835))
((5,8),(1.0,0.9033073294664167))
((5,95),(2.0,1.6852474600951006))
((12,70),(1.0,1.1494025312080094))
((13,29),(3.0,3.0765015697153704))
((0,41),(2.0,1.963230085067236))
((19,34),(1.0,1.565268966116736))
((21,83),(1.0,1.3887030466786654))
((14,10),(1.0,1.0601964188395092))
((19,58),(1.0,0.8016843033243304))
((24,78),(1.0,0.9901169054400898))
((16,32),(1.0,0.9527697467196119))
((19,76),(1.0,0.6571405562635462))
((21,29),(5.0,5.084732516110757))
((10,17),(1.0,0.9656566792346055))
((6,66),(1.0,0.6062312771355272))
((22,60),(3.0,3.2398960484060453))
((13,52),(2.0,2.3858782860029395))
((12,60),(1.0,0.8344110053837299))
((1,74),(2.0,1.9049467102993862))
((16,60),(1.0,0.9153760966206224))
((1,12),(1.0,1.2233362412782025))
((25,71),(4.0,3.7754054761423967))
((16,67),(1.0,1.01376411261922))
((21,44),(1.0,1.027672985116486))
((3,84),(1.0,1.05994530595154))
((5,88),(1.0,1.0777796555699908))
((25,34),(3.0,3.0795850933873172))
((26,88),(5.0,4.898841145696691))
((23,88),(1.0,0.7626334503393233))
((26,61),(1.0,1.0728539497359226))
((26,68),(4.0,4.133798334179229))
((19,62),(1.0,1.8389312076002184))
((24,98),(1.0,1.227230309261872))
((19,45),(1.0,1.6963067484887093))
((22,75),(5.0,5.222063278988288))
((3,52),(3.0,3.0204939405256446))
((3,58),(1.0,0.9638475771531221))
((15,39),(1.0,1.3649785365535962))
((18,4),(3.0,3.1305762861333015))
((18,51),(2.0,1.8988658894614856))
((11,90),(4.0,3.6179549325272795))
((14,20),(1.0,1.0791665120669827))
((27,10),(1.0,0.8928941307657274))
((29,11),(1.0,1.058350707382262))
((8,31),(3.0,2.9659829729688747))
((8,69),(1.0,1.020049118647528))
((29,9),(1.0,1.279121964066353))
((25,67),(2.0,2.0997733697324694))
((4,71),(1.0,0.8516248596933904))
((7,59),(1.0,1.1352343303579895))
((10,14),(1.0,1.0513894021134829))
((4,85),(1.0,1.3663286573900117))
((2,62),(1.0,0.6876219958295211))
((7,31),(3.0,2.6361150089244383))
((9,2),(3.0,3.120987935874838))
((26,31),(1.0,1.006509133964261))
((29,36),(2.0,2.176316705935193))
((29,67),(1.0,0.7890559928446212))
((0,31),(1.0,1.0830631948463232))
((23,85),(1.0,0.8193501059982475))
((3,91),(1.0,1.2172409152210173))
((19,53),(2.0,2.493220627303672))
((11,40),(1.0,0.9319893342182737))
((22,45),(2.0,1.8791255074889872))
((15,98),(3.0,2.1726943778725496))
((20,72),(1.0,0.9730052948504153))
((0,79),(1.0,0.8902503984433967))
((27,64),(1.0,1.4880666938965854))
((28,90),(1.0,1.1508392402506646))
((17,94),(4.0,4.046333878743864))
((28,94),(1.0,0.9942769462478132))
((7,61),(2.0,2.113869134458943))
((22,22),(5.0,4.836058940513371))
((10,77),(1.0,1.0542929991490564))
((24,52),(5.0,4.843363366759252))
((29,31),(1.0,1.1820562735496334))
((22,13),(1.0,1.0496291016465258))
((9,53),(1.0,1.4325932994867738))
((12,25),(1.0,0.952837579095207))
((1,43),(1.0,0.8339143545030154))
((13,88),(2.0,1.987611736945787))
((21,84),(1.0,0.9879055775099876))
((25,16),(3.0,3.0714688423585597))
((4,12),(1.0,0.8753384587524291))
((9,50),(3.0,3.2255927698880495))
((14,40),(1.0,1.229010421694679))
((2,66),(3.0,2.8209429855436072))
((16,86),(1.0,1.0637649745297673))
((17,59),(1.0,1.154706496206209))
((3,36),(3.0,2.638733441969663))
((19,78),(1.0,0.9466921177078815))
((20,66),(1.0,0.5494342388493888))
((19,64),(1.0,0.7479363009110569))
((22,5),(2.0,2.2040057920064675))
((26,86),(3.0,2.9137504609058666))
((3,88),(4.0,4.35763249774388))
((26,73),(4.0,3.9383319651344006))
((7,35),(1.0,0.9912729895307508))
((23,0),(1.0,0.7633733584663134))
((10,38),(1.0,1.0655880325291505))
((21,85),(3.0,2.8791854204021368))
((29,70),(1.0,0.7081973067452072))
((10,50),(1.0,0.7981061387897297))
((26,20),(1.0,0.9217823988282188))
((3,1),(1.0,1.0416856824969596))
((15,82),(2.0,1.7311134001506223))
((4,62),(4.0,3.529222219145554))
((1,70),(2.0,1.9728755681706018))
((25,73),(1.0,0.9384704762965728))
((9,86),(1.0,1.1841331863523752))
((9,14),(3.0,2.3400819384423905))
((19,94),(4.0,3.66715954242158))
((18,25),(1.0,0.9268170336047388))
((0,98),(1.0,1.628380476776582))
((23,27),(5.0,4.936872620430674))
((3,19),(1.0,1.2836638061051064))
((27,94),(2.0,2.1104917075094543))
((22,82),(1.0,0.7724292305066167))
((13,22),(1.0,1.212276721876722))
((14,83),(1.0,0.940461310862224))
((2,59),(1.0,1.2435275258329765))
((4,69),(1.0,0.9769778569857146))
((24,71),(1.0,1.0441092340258968))
((5,48),(3.0,3.0941251902170555))
((14,63),(5.0,4.861509072860988))
((1,4),(2.0,2.4070033688649684))
((13,71),(1.0,1.195248750004178))
((23,69),(1.0,1.0425024526217315))
((27,51),(3.0,2.6692161857323544))
((13,44),(1.0,1.950652252119764))
((15,80),(1.0,0.9089990114516171))
((20,25),(1.0,1.233222307480909))
((2,58),(2.0,2.0729649357310773))
((16,65),(1.0,0.8942463252105277))
((7,29),(4.0,3.622763620312822))
((5,84),(1.0,1.3416874560512067))
((27,33),(3.0,2.530165741024279))
((7,45),(2.0,1.7433469359539364))
((6,20),(1.0,1.1331229438958124))
((6,75),(1.0,0.8862728225120442))
((8,5),(1.0,1.580435566728454))
((22,25),(1.0,0.7282731830801465))
((28,17),(1.0,0.9961454309010511))
((27,91),(1.0,1.2052275710912772))
((26,45),(2.0,1.860713859069962))
((1,21),(3.0,2.2499545174803335))
((24,87),(1.0,1.4168556215431671))
((12,86),(1.0,1.0849701430620535))
((26,36),(4.0,3.9255678814066526))
((0,95),(2.0,2.281818841005234))
((17,72),(1.0,0.9010097237855446))
((6,1),(1.0,1.0525811352529417))
((10,18),(1.0,1.1056615581923515))
((18,5),(2.0,2.036045224376248))
((22,96),(2.0,2.0846618370126393))
((28,24),(3.0,3.055252932933746))
((28,92),(5.0,5.009663248349514))
((8,29),(5.0,5.017170857078824))
((15,81),(1.0,0.9063551718508769))
((17,57),(1.0,1.0509728475547833))
((28,2),(4.0,3.7612988212225438))
((3,0),(1.0,1.006244281865791))
((29,49),(3.0,3.0671256142068817))
((2,54),(1.0,0.8298232044936764))
((29,62),(1.0,0.8255571993821684))
((12,66),(3.0,2.598821173239065))
((2,61),(1.0,1.235948505701884))
((23,13),(4.0,3.6166782097924663))
((18,22),(1.0,0.9881486272230031))
((14,1),(1.0,0.6912682605382701))
((3,83),(1.0,0.9142467276106929))
((7,56),(1.0,1.244654687954111))
((5,19),(1.0,0.9102323283146307))
((26,21),(3.0,3.006091620088331))
((19,96),(1.0,1.0098159941272355))
((23,67),(1.0,0.9384667031870313))
((25,97),(2.0,1.714776822575757))
((24,48),(1.0,1.1363186023699554))
((11,39),(1.0,1.2139310216673502))
((26,5),(2.0,1.8425030849671802))
((0,29),(1.0,1.0974944113014693))
((21,71),(1.0,1.1014143287857188))
((11,36),(2.0,2.4823753168713836))
((4,47),(1.0,0.966818816449206))
((24,67),(1.0,1.2499115277557702))
((12,22),(2.0,1.9701441964173196))
((0,99),(1.0,0.9920191884518973))
((1,57),(1.0,1.1402264742147072))
((4,84),(1.0,0.90292007196306))
((23,23),(4.0,4.209782418201915))
((24,95),(1.0,1.1545833750625478))
((4,45),(1.0,1.0643368887521443))
((9,49),(5.0,4.86023763676664))
((7,84),(2.0,1.9164997642877644))
((8,51),(1.0,0.37226680383723076))
((13,86),(1.0,1.2633783749326613))
((13,74),(3.0,2.6354999156893246))
((28,44),(1.0,1.2714479025019116))
((5,42),(1.0,1.2200790125481755))
((7,53),(1.0,1.2337948000332832))
((14,16),(1.0,0.9519060235826489))
((17,70),(1.0,1.0764371028611777))
((23,49),(5.0,4.652546250466669))
((6,54),(1.0,0.6301117868900339))
((23,57),(1.0,1.0882884955478573))
((15,6),(1.0,0.6262004947278389))
((10,21),(1.0,1.1422977593272))
((2,90),(1.0,0.8229397482390484))
((3,79),(3.0,2.935282320544395))
((25,12),(3.0,2.894894150082102))
((29,10),(3.0,2.808236231834709))
((23,60),(1.0,1.2046534489978278))
((6,15),(2.0,1.3164541869629898))
((0,94),(1.0,1.0824657105209539))
((5,38),(2.0,1.9256653017630632))
((17,6),(1.0,1.4604327226475986))
((18,55),(1.0,1.1045138334914393))
((24,92),(1.0,1.2264881482621564))
((28,88),(2.0,1.6113050398290052))
((11,51),(3.0,2.6097644394823254))
((18,27),(1.0,1.0181600484155329))
((24,69),(5.0,5.134896685135631))
((12,15),(2.0,1.3833490564091417))
((21,59),(3.0,2.8400588258810173))
((7,54),(1.0,1.2948230180842626))
((1,68),(4.0,3.641320099110143))
((8,44),(1.0,0.7586166177732494))
((5,74),(1.0,0.9482929183116475))
((28,12),(5.0,4.8193464962533366))
((23,12),(1.0,1.0846603763543383))
((14,37),(2.0,1.831686195393842))
((11,64),(1.0,1.1012561588504628))
((1,82),(1.0,1.2616004231600493))
((15,7),(1.0,0.9426751012789123))
((7,4),(1.0,1.551876662074462))
((25,95),(1.0,1.1174451279747952))
((2,35),(1.0,0.9437461415183308))
((25,92),(1.0,1.0812833065931962))
((17,63),(1.0,1.024460975828605))
((9,26),(1.0,1.2113678591992574))
((27,43),(1.0,0.9550996296485634))
((10,90),(1.0,1.0532793762780193))
((24,7),(1.0,1.033624039952481))
((5,5),(1.0,1.5747238945969917))
((15,2),(1.0,0.7478632364672305))
((23,22),(2.0,2.565974700927603))
((27,29),(1.0,0.8669927405999733))
((15,34),(1.0,1.328295848261126))
((1,33),(1.0,0.5069052415435258))
((17,46),(5.0,5.015427411082028))
((5,4),(1.0,1.495566396364386))
((23,50),(4.0,4.359412266481185))
((17,45),(1.0,1.4445825045978198))
((15,17),(2.0,2.3875175243787474))
((5,90),(4.0,3.941661875534983))
((8,56),(1.0,1.0452756072258316))
((20,53),(3.0,2.5445013184339347))
((28,39),(2.0,1.9132538150310205))
((9,7),(5.0,3.9544208862866412))
((22,70),(3.0,2.5209112608372144))
((16,99),(1.0,1.1265690871905445))
((2,37),(5.0,4.7983678249520105))
((25,2),(1.0,1.131218541456584))
((17,33),(1.0,1.3223687265484445))
((25,36),(1.0,1.1162615371331222))
((7,26),(1.0,1.0476925586751333))
((24,77),(4.0,4.027842265129831))
((10,41),(2.0,2.0847708702398635))
((13,63),(2.0,1.9533715932196025))
((26,16),(1.0,1.1023612593684082))
((7,66),(1.0,1.2400837823955202))
((17,51),(1.0,1.1555615971935973))
((14,56),(1.0,0.9704638012229518))
((29,7),(2.0,2.3693146963246123))
((26,18),(3.0,3.2616587042725054))
((5,86),(1.0,1.1837870031554734))
((8,2),(4.0,3.89428960048357))
((12,56),(2.0,2.420798488258032))
((10,97),(1.0,1.1692395008050225))
((28,58),(1.0,0.9252603252351428))
((29,42),(1.0,0.8005056370009096))
((22,9),(1.0,1.5612458622552325))
((20,70),(2.0,1.7764171911301347))
((25,37),(1.0,1.0675591925791814))
((28,38),(2.0,2.084210707385168))
((7,40),(2.0,2.002755761835265))
((26,7),(5.0,5.255270716852101))
((29,97),(1.0,1.1723721377844152))
((17,78),(1.0,0.974967663833886))
((19,49),(1.0,1.457471250246022))
((22,48),(1.0,1.0299695655717769))
((6,71),(2.0,2.2256393512665045))
((23,30),(4.0,3.876825510517328))
((9,90),(3.0,2.9513640416300198))
((1,19),(1.0,0.6358859314015941))
((4,52),(4.0,3.9217710788733324))
((7,25),(5.0,4.8181884673910655))
((13,79),(2.0,1.9422923433735129))
((12,74),(1.0,0.8466299076894801))
((0,19),(1.0,0.8016970845215573))
((27,19),(3.0,3.258938778354453))
((4,60),(3.0,2.476189118899297))
((27,66),(3.0,3.0053128566045664))
((28,19),(3.0,3.121523096940708))
((9,30),(3.0,3.042314783417841))
((11,69),(5.0,4.654781988968198))
((17,37),(1.0,0.9898839586421175))
((3,86),(1.0,0.9548267028643322))
((24,82),(1.0,0.7180346978906842))
((27,72),(1.0,1.60060884012276))
((3,16),(1.0,0.6958199237320046))
((4,46),(1.0,0.8624390606302089))
((7,55),(1.0,0.9986906278871186))
((11,76),(1.0,1.2442718965510817))
((16,94),(3.0,3.4641539740000944))
((20,60),(1.0,1.4135949288195204))
((13,45),(1.0,0.9502082271202354))
((20,8),(1.0,1.194213330749902))
((0,46),(1.0,1.0943881457832516))
((26,1),(1.0,0.9009973867716069))
((15,25),(1.0,0.9618111969688832))
((25,79),(1.0,0.991530069626456))
((1,2),(2.0,1.912423683339206))
((24,4),(1.0,0.7350869299042717))
((19,74),(3.0,2.8996330494039495))
((13,14),(2.0,1.7455050194839985))
((16,93),(1.0,1.058552418338821))
((1,78),(1.0,1.0095530847752583))
((2,83),(5.0,5.147094148429169))
((5,81),(2.0,2.102140268239975))
((1,27),(1.0,0.9081710552643947))
((11,35),(3.0,2.791911556535591))
((28,81),(5.0,4.827403029163602))
((17,58),(1.0,1.246031144443496))
((28,23),(3.0,2.6560923002959873))
((19,4),(1.0,1.2426825532449906))
((22,37),(1.0,0.8706765781146875))
((17,10),(4.0,3.956166938241699))
((12,53),(1.0,1.1326254847113217))
((18,81),(3.0,3.0434746624397038))
((20,21),(2.0,2.3335266969684905))
((16,95),(2.0,1.8049291916258476))
((27,87),(2.0,2.198554824101658))
((4,11),(1.0,1.3258176288820636))
((21,22),(1.0,1.061568006557275))
((22,18),(3.0,3.502157374287171))
((2,64),(1.0,0.9794938483159226))
((11,86),(1.0,0.6911544218832548))
((12,45),(1.0,0.7016205336575836))
((14,62),(4.0,4.197712214760907))
((0,72),(1.0,1.1417460434298028))
((15,74),(1.0,1.199069746888743))
((16,34),(1.0,0.8223601251146881))
((7,37),(2.0,1.7797268517382308))
((14,17),(1.0,0.9133201679550984))
((24,45),(2.0,1.6548415741722855))
((1,44),(1.0,1.3750427413571842))
((14,49),(1.0,1.4678369171616616))
((7,10),(1.0,0.8001660430542787))
((24,37),(1.0,1.3999739345378883))
((8,60),(3.0,2.6864035851229127))
((5,20),(3.0,3.2284009301531507))
((8,86),(1.0,0.906294547285616))
((28,60),(1.0,1.0180187464859851))
((20,55),(1.0,1.197143895636159))
((2,18),(2.0,2.3630567702009815))
((17,97),(1.0,0.6993294738255695))
((2,34),(4.0,4.007585546799011))
((13,21),(1.0,1.416710650875751))
((29,14),(1.0,0.9029138912841541))
((29,59),(1.0,0.8644600290002191))
((5,23),(3.0,3.0019669759730663))
((12,87),(1.0,1.3213078612656841))
((20,30),(2.0,1.993337298741118))
((27,22),(2.0,1.979415423470357))
((19,32),(4.0,3.6832562114060456))
((12,31),(4.0,3.7274833568321473))
((20,22),(5.0,4.636791473688044))
((4,50),(1.0,0.9695560030455352))
((7,18),(1.0,0.560218453756312))
((18,26),(1.0,0.8911684447333936))
((29,32),(4.0,3.9109620336280635))
((25,29),(1.0,1.21538818682895))
((28,62),(3.0,3.062483638103732))
((20,51),(3.0,3.514922745054057))
((3,33),(1.0,1.4495337561652024))
((18,62),(1.0,1.0854498243457034))
((20,24),(2.0,2.003649245248173))
((14,95),(2.0,2.3843469694394224))
((2,40),(4.0,3.892723172505245))
((10,86),(1.0,0.8649377849293187))
((11,6),(2.0,2.152212892733809))
((24,43),(3.0,2.9709441909698286))
((24,99),(1.0,0.981406498725996))
((15,35),(2.0,2.3443826193453203))
((8,21),(1.0,1.091159621734751))
((24,84),(1.0,0.8335521022851762))
((3,87),(2.0,2.5099640531986127))
((27,68),(1.0,1.1732555741170296))
((11,37),(2.0,2.04657790358322))
((18,43),(1.0,0.8740529196672475))
((17,68),(4.0,4.30993612504428))
((2,80),(1.0,1.1461046985041738))
((3,65),(2.0,1.6193095712913523))
((5,58),(1.0,0.7495860930409844))
((13,0),(1.0,0.7904477629016089))
((22,56),(2.0,1.8068948328602508))
((1,94),(2.0,2.783438836944132))
((14,67),(3.0,2.860479613100465))
((3,7),(3.0,2.718299639682716))
((13,20),(1.0,0.8352964233476783))
((19,26),(1.0,0.9333739556922507))
((12,27),(5.0,4.783666789808031))
((5,21),(2.0,1.839115970477019))
((25,17),(1.0,0.7942473176768274))
((6,69),(1.0,0.9553068584751188))
((28,89),(4.0,4.0800485497942365))
((9,81),(2.0,2.398385096146028))
((7,14),(2.0,1.6643817201115194))
((28,6),(1.0,0.9070810416759953))
((5,1),(1.0,1.060445308238286))
((6,59),(1.0,0.9968305120021994))
((5,56),(3.0,2.4851841573899787))
((20,40),(1.0,1.124577131269422))
((2,9),(1.0,1.2629541508572757))
((16,30),(2.0,2.5094002243204607))
((9,4),(1.0,1.4681587833643972))
((25,64),(2.0,1.8873262958266976))
((16,47),(3.0,2.9482251672830544))
((27,52),(1.0,0.9695485910611239))
((14,52),(5.0,4.917856053130923))
((15,58),(1.0,1.0036668975659682))
((27,71),(2.0,2.38369025096501))
((9,77),(2.0,1.9852136615646323))
((20,0),(1.0,1.3016161266388289))
((16,98),(3.0,3.4197777475168483))
((27,95),(1.0,0.572373077100954))
((28,65),(1.0,0.9212558039903962))
((19,2),(1.0,1.1174422406953974))
((20,64),(1.0,1.3442573107545341))
((12,44),(2.0,2.0579665031362158))
((28,56),(1.0,0.9571692029095691))
((28,82),(4.0,3.774182267915174))
((1,41),(2.0,1.885873336067624))
((4,96),(1.0,1.1730254259166575))
((15,28),(2.0,1.9521988627646667))
((22,78),(1.0,1.1246236713783788))
((21,3),(1.0,1.5072689847711072))
((5,13),(3.0,3.0028809988663174))
((27,80),(3.0,3.0289356495314936))
((2,19),(4.0,3.950503405990113))
((23,59),(1.0,0.8921218423596255))
((24,65),(1.0,0.9883212773723518))
((0,91),(3.0,2.2389850117906267))
((10,0),(3.0,2.7693428469904116))
((4,41),(4.0,3.9924572478189866))
((16,63),(2.0,1.9378367341975213))
((0,67),(1.0,1.1879962844437737))
((11,43),(2.0,2.1104889979846924))
((16,2),(1.0,0.9876893635283204))
((29,90),(4.0,4.2191040212839575))
((10,52),(1.0,0.9152232237152136))
((15,5),(2.0,1.6987733124951625))
((12,57),(1.0,0.8880915259144864))
((21,74),(4.0,4.018836320296721))
((13,62),(1.0,1.9083209527034857))
((28,14),(1.0,1.2123177292320473))
((19,72),(1.0,1.1625773134494382))
((6,95),(2.0,1.9194047204959155))
((19,41),(1.0,1.2853466058160787))
((3,66),(1.0,1.2233736849976156))
((21,23),(1.0,1.2757769977029412))
((1,37),(1.0,1.0168915470251612))
((19,37),(1.0,0.6007836767739219))
((21,11),(1.0,0.9740865636159004))
((2,92),(4.0,3.6201149586290473))
((17,95),(2.0,2.1729178411442516))
((22,55),(1.0,0.7219665998087805))
((16,5),(3.0,2.811189796369468))
((21,87),(4.0,3.5440371151756564))
((9,64),(3.0,2.944363107758581))
((19,86),(1.0,1.2068657937329548))
((11,20),(1.0,1.0116553730846825))
((8,77),(3.0,2.8169534865675487))
((23,10),(4.0,3.5395880318142208))
((12,98),(2.0,2.0913470459170225))
((14,5),(1.0,0.9679655890443919))
((1,97),(1.0,0.6509129572483725))
((26,58),(1.0,1.105770020949664))
((20,78),(1.0,0.9400424167281949))
((17,93),(1.0,0.7705874684434981))
((0,15),(1.0,0.6913188143044747))
((20,32),(2.0,2.6587947696226717))
((11,62),(1.0,0.7040081178577838))
((19,6),(2.0,1.6335188931016207))
((11,45),(1.0,1.0309515139262602))
((0,96),(1.0,1.0738464558726992))
((26,48),(1.0,1.2240754319829548))
((1,40),(1.0,1.054188541007595))
((0,47),(1.0,1.2416173887693616))
((23,4),(1.0,0.8621990019211323))
((2,78),(1.0,1.0674687054997232))
((24,10),(2.0,1.9291968733291869))
((19,61),(1.0,0.8469599653641403))
((15,13),(1.0,1.0145499683313741))
((11,21),(1.0,0.7082928020085406))
((14,24),(1.0,0.8348384683818287))
((24,47),(1.0,1.2819217150065012))
((25,31),(2.0,2.1550299929962358))
((20,84),(2.0,1.4951968365224657))
((23,2),(1.0,0.9081945010725689))
((10,43),(1.0,1.071200154552395))
((8,95),(4.0,3.3487203984089158))
((13,87),(2.0,2.25545434528477))
((18,10),(1.0,0.9577447801030843))
((14,3),(3.0,2.779799713478601))
((16,56),(2.0,2.041712779784632))
((12,92),(1.0,0.9484034224642235))
((6,5),(1.0,0.7999285087229677))
((10,42),(3.0,2.9859553459762624))
((13,98),(1.0,0.8218149440888461))
((7,15),(1.0,1.3588284159746082))
((21,27),(1.0,1.1290115305562571))
((19,95),(2.0,1.5654509784761688))
((5,61),(1.0,1.4424352817665118))
((19,23),(1.0,1.501528724738432))
((21,46),(1.0,0.9801042166096414))
((4,97),(1.0,1.3677475018963436))
((5,50),(3.0,2.874773858345705))
((18,77),(1.0,1.1113831432276795))
((11,59),(1.0,1.2206708834264597))
((23,28),(1.0,1.1338134378554696))
((2,68),(1.0,0.9169716605072233))
((2,89),(4.0,3.952197552575191))
((7,75),(1.0,0.9419092860011438))
((19,79),(1.0,1.0810497781383914))
((2,65),(1.0,1.0565105805426667))
((0,51),(1.0,1.1391851631709518))
((21,17),(1.0,1.1010987496793136))
((26,27),(1.0,0.8374259686717949))
((17,11),(1.0,0.9449788933818297))
((25,51),(1.0,1.1017650210295957))
((5,15),(1.0,1.0483871996833))
((5,70),(1.0,1.1020754347577761))
((11,80),(3.0,2.975837001977023))
((3,43),(1.0,1.1075181448383482))
((4,31),(1.0,1.3838489168738894))
((6,79),(1.0,0.8497890406376076))
((0,45),(2.0,1.1903803864343325))
((11,79),(5.0,4.84640381627969))
((25,33),(4.0,3.701915745593409))
((1,3),(1.0,0.8931272143041076))
((0,26),(3.0,2.711948201963704))
((14,4),(1.0,0.9597022082539033))
((22,36),(3.0,2.8704550979130046))
((4,51),(1.0,1.0031875928137661))
((24,42),(1.0,0.946104129040966))
((21,68),(1.0,0.9638988116454903))
((15,32),(1.0,1.326424069862205))
((7,49),(1.0,1.0132332649458633))
((18,39),(5.0,5.135270894214278))
((21,53),(5.0,4.934545340955191))
((8,19),(1.0,0.8994555971050122))
((25,26),(2.0,2.0796523524412684))
((12,96),(1.0,1.054638915237708))
((7,76),(3.0,3.0623390573214384))
((6,39),(1.0,1.3581407652634114))
((7,62),(3.0,2.845883860425705))
((12,6),(1.0,1.1335219092512334))
((1,50),(1.0,1.4392757151863131))
((12,38),(1.0,1.3724842732588933))
((14,51),(1.0,1.2514393191116995))
((28,83),(1.0,0.9668321764742978))
((13,53),(3.0,2.8088021620326247))
((19,55),(1.0,1.489563060455434))
((11,13),(4.0,4.056073208059412))
((6,24),(1.0,1.2278958520061414))
((4,65),(1.0,0.8758392057869295))
((10,49),(3.0,2.8526861949758304))
((14,53),(3.0,2.9947309308907064))
((16,90),(5.0,4.701557165791081))
((12,16),(4.0,3.8314334357188287))
((0,59),(2.0,1.7683579047629054))
((14,15),(1.0,1.108313451916474))
((14,21),(1.0,0.9523507628566249))
((0,83),(1.0,1.050112282882843))
((8,11),(1.0,0.868133278235395))
((16,46),(1.0,1.0898585888418038))
((7,97),(1.0,1.0683260206608867))
((6,21),(1.0,0.9003252103888204))
((10,40),(4.0,3.981778646450925))
((20,2),(2.0,1.881176185796828))
((7,67),(3.0,2.9668500168887526))
((15,27),(1.0,1.4123951838593758))
((21,58),(3.0,3.1623479474989384))
((17,22),(4.0,3.777944332765454))
((6,81),(1.0,0.6846480267598327))
((27,92),(1.0,1.4917631239750753))
((11,16),(1.0,1.0205986534262959))
((20,39),(1.0,0.7833984498216947))
((18,46),(1.0,0.9860798846245729))
((9,39),(1.0,0.8615729713259732))
((28,54),(1.0,0.8568349502602375))
((23,53),(1.0,0.7808099020708354))
((11,41),(1.0,0.8477236362157317))
((25,58),(2.0,2.2341818244024614))
((0,37),(1.0,1.2232623963581508))
((27,42),(1.0,0.9217187439239245))
((9,68),(1.0,1.1018025775974458))
((12,7),(3.0,3.270580260632012))
((4,23),(1.0,1.1174325932805287))
((0,64),(1.0,1.0832260690271784))
((29,17),(3.0,3.4689557177232304))
((21,89),(2.0,1.923927548632736))
((20,90),(3.0,2.955424918172443))
((21,12),(1.0,0.9899640911300924))
((21,30),(2.0,1.9602807235015272))
((11,82),(1.0,1.4906036290893692))
((9,54),(1.0,0.5810341452249815))
((14,12),(1.0,1.560026734074214))
((13,54),(1.0,0.9993081096442364))
((12,95),(2.0,2.4061746122328236))
((18,21),(2.0,1.9135357510320798))
((14,29),(5.0,4.938542360455957))
((25,47),(4.0,3.933740713833833))
((16,21),(2.0,2.0643609219978))
((5,99),(1.0,0.939325727081916))
((18,63),(1.0,1.040533014784018))
((20,4),(2.0,2.000603419979765))
((18,13),(1.0,1.098643545238851))
((6,22),(1.0,0.6811781587907775))
((21,56),(1.0,0.8935114240833757))
((18,97),(1.0,0.9692727519169102))
((15,36),(1.0,1.1579269768923852))
((8,15),(1.0,1.4056963271602791))
((27,18),(4.0,3.769658713214921))
((8,79),(1.0,1.031037056671199))
((1,93),(1.0,1.2175637338458412))
((7,11),(2.0,1.8152539446881129))
((23,29),(1.0,0.7892796602030687))
((9,22),(1.0,0.7128855713188158))
((10,24),(1.0,0.8921906596298295))
((21,80),(1.0,0.9699228817358811))
((25,85),(1.0,0.9517653465294829))
((25,1),(3.0,3.045853007101789))
((29,3),(1.0,0.8712705473941265))
((20,1),(1.0,1.1125783179626183))
((25,94),(1.0,1.1038252075931592))
((28,59),(1.0,0.963672252372465))
((3,81),(1.0,1.390843365176797))
((21,92),(2.0,1.8496923553309972))
((3,62),(1.0,1.5251756966504255))
((9,95),(3.0,2.6945900870409405))
((22,3),(2.0,1.858541823949928))
((23,82),(2.0,1.8219239268715963))
((0,12),(2.0,2.0492931396394747))
((25,70),(1.0,0.8974533890017977))
((29,61),(1.0,0.8355079026662089))
((25,76),(1.0,0.7343188394540454))
((3,8),(3.0,2.843645319152454))
((12,54),(1.0,1.1379103707058142))
((27,60),(1.0,1.1336572578363895))
((16,14),(1.0,0.8071371598517219))
((0,27),(1.0,0.4374539515908813))
((16,6),(2.0,2.073419700565746))
((22,88),(5.0,4.522004116854756))
((9,60),(1.0,1.5787035855455376))
((20,92),(2.0,1.763749951420448))
((12,64),(5.0,5.055526222150964))
((29,23),(4.0,3.8399642278983936))
((29,75),(1.0,1.4290538684177791))
((16,81),(1.0,1.1653043023730205))
((23,72),(1.0,1.4219206147197765))
((10,68),(1.0,1.1069251225976826))
((4,35),(1.0,0.971568005713388))
((6,88),(1.0,1.2281838249372918))
((0,55),(1.0,1.7891507514376197))
((22,63),(1.0,1.3344260760103437))
((7,92),(2.0,2.0266076781650386))
((11,67),(1.0,0.9684306478765703))
((4,6),(1.0,0.7726490192927811))
((3,2),(1.0,1.2143893882253385))
((12,88),(1.0,1.0757330197413897))
((26,62),(2.0,2.0510553624361507))
((24,59),(4.0,3.861529432647826))
((20,97),(1.0,0.9496781577211348))
((24,15),(1.0,0.8486252820952154))
((25,18),(1.0,1.273266267181803))
((20,50),(1.0,1.1997809885911908))
((8,45),(1.0,1.133523988318286))
((9,97),(2.0,1.7262834724276361))
((8,88),(1.0,1.51839746735362))
((16,48),(1.0,0.8867180731499094))
((12,23),(3.0,3.6411507117925126))
((5,72),(1.0,0.5712610521792243))
((14,98),(1.0,0.4649949689154912))
((21,54),(1.0,1.181291652605223))
((8,83),(1.0,0.8674815547180836))
((25,9),(1.0,1.0068879230854977))
((25,68),(1.0,0.962868088840718))
((9,98),(1.0,0.7651546592577817))
((18,36),(1.0,0.8242475050255305))
((4,54),(1.0,0.5469626282873845))
((2,4),(3.0,2.7278174903658208))
((5,9),(3.0,2.9312725053675237))
((29,68),(3.0,3.1330159106728894))
((22,51),(5.0,5.180907975641656))
((29,99),(1.0,0.9168029171395427))
((0,48),(1.0,1.2233164235339222))
((3,15),(1.0,0.6574811570736688))
((1,58),(1.0,0.9172401141348989))
((19,63),(1.0,0.639348228518835))
((0,89),(2.0,2.3459305665804577))
((15,0),(1.0,0.938314694913162))
((6,49),(1.0,1.342886768655043))
((13,27),(1.0,1.256080254001982))
((26,44),(1.0,1.1729845441789726))
((23,15),(1.0,1.3997662066661136))
((8,33),(1.0,0.8783078031849203))
((12,14),(1.0,1.062947442042137))
((28,13),(2.0,2.125290839737569))
((6,9),(1.0,0.8515267338284018))
((18,84),(1.0,1.0964376363079715))
((11,48),(5.0,4.727915658687731))
((2,93),(5.0,5.115452958089878))
((8,92),(2.0,2.3276054276697584))
((22,69),(4.0,3.852495692979658))
((6,68),(1.0,1.0884804018513106))
((18,12),(2.0,1.984220584009778))
((1,36),(2.0,1.7053571887627337))
((27,25),(1.0,1.1779724197826043))
((17,29),(1.0,1.01295130434492))
((28,36),(1.0,0.8097964105308091))
((6,73),(1.0,1.2550884288936306))
((12,2),(1.0,1.4275955399642646))
((25,40),(1.0,1.0424678711610669))
((27,93),(1.0,1.0028330527264449))
((22,44),(1.0,0.6952965644621396))
((22,14),(1.0,1.4360329762155128))
((11,72),(3.0,2.8894170667965398))
((7,32),(1.0,0.8219595330756047))
((22,66),(1.0,0.8775370546062273))
((25,7),(1.0,0.9114970324027185))
((11,81),(4.0,3.8750450173985236))
((25,91),(3.0,2.7497001058322166))
((2,85),(1.0,1.3532966663486268))
((18,99),(2.0,1.9579888933684892))
((6,0),(1.0,1.2525943738562644))
((23,77),(1.0,1.2102175134120567))
((4,30),(1.0,1.1972938425398167))
((3,70),(1.0,1.728397915730749))
((13,90),(1.0,0.9097675004345547))
((15,85),(1.0,1.4655407850654703))
((13,85),(1.0,0.7220594506905007))
((1,81),(1.0,0.7089738203649469))
((23,26),(1.0,1.042931890133223))
((14,11),(1.0,1.1487913650544521))
((12,50),(4.0,3.7760772143281054))
((24,30),(5.0,4.763598808870028))
((4,13),(1.0,1.1487386522904988))
((26,22),(5.0,5.161327205517912))
((18,11),(4.0,3.91958573345358))
((27,28),(1.0,0.9742259711513823))
((4,49),(2.0,1.7017889422354195))
((13,4),(2.0,2.1736043167424093))
((9,19),(1.0,1.2742980052542834))
((8,36),(1.0,0.8279316523776581))
((25,53),(1.0,0.9678383845452081))
((12,85),(1.0,1.0350173169042085))
((0,23),(1.0,0.3696794060907638))
((15,14),(1.0,0.729107593736352))
((19,38),(1.0,1.270924850521237))
((4,8),(1.0,1.0342204672882063))
((20,94),(4.0,3.772542849717473))
((1,96),(1.0,0.8975941564847263))
((5,49),(4.0,3.9811961105854166))
((27,9),(1.0,0.5407174941565035))
((27,98),(1.0,1.6008047716308138))
((21,66),(1.0,1.239278974275419))
((2,55),(1.0,1.1338490505991934))
((9,71),(1.0,0.9151924348366469))
((2,10),(1.0,1.2489451590101797))
((20,57),(2.0,1.5372476981548164))
((15,42),(1.0,0.905016729114988))
((26,96),(1.0,0.9897084090758348))
((19,50),(2.0,1.6947446768868697))
((8,78),(1.0,0.9869899892059572))
((4,99),(1.0,1.0876150891069676))
((28,63),(1.0,0.9428455058406113))
((18,83),(5.0,5.012252322687191))
((7,74),(1.0,1.0804267212898315))
((19,33),(1.0,0.707774390918452))
((7,85),(4.0,3.6466618751879984))
((21,40),(2.0,2.0505087919734666))
((9,12),(1.0,0.4002398222804846))
((26,4),(4.0,3.7178300169703022))
((29,51),(2.0,1.7518962114486798))
((21,99),(1.0,1.0403355452553489))
((23,25),(1.0,0.9210034015634831))
((16,72),(1.0,1.2995410193253791))
((25,35),(2.0,2.0076345966644347))
((14,94),(1.0,0.49474000486134173))
((13,26),(1.0,0.676375519470044))
((2,52),(2.0,2.018625195190321))
((16,82),(1.0,1.3931389757537107))
((0,34),(1.0,0.889634960658801))
((20,12),(1.0,0.9145287897265362))
((5,52),(1.0,0.9748218853875512))
((27,40),(1.0,1.1223630906859143))
((11,99),(1.0,1.0613422387384177))
((22,71),(1.0,0.9515137749664009))
((4,98),(1.0,1.3866167457806262))
((14,96),(4.0,3.922102018722721))
((3,72),(2.0,1.9224592613398324))
((10,8),(1.0,0.9312622376601398))
((19,54),(3.0,3.031763156072283))
((10,63),(1.0,0.9283961022305744))
((24,86),(1.0,0.96692893484185))
((23,18),(4.0,3.741066395904493))
((28,78),(1.0,0.9693779397450499))
((5,85),(1.0,1.2394367331881913))
((16,55),(1.0,0.9290398090089731))
((8,62),(4.0,4.451842613751645))
((7,98),(1.0,0.662087513713651))
((18,57),(1.0,1.2827596793033402))
((29,38),(3.0,2.330160198130552))
((11,32),(5.0,5.293385280549344))
((23,24),(1.0,0.9353992539026188))
((21,20),(1.0,1.053229827597169))
((22,10),(1.0,1.083478508288185))
((24,19),(1.0,1.4099939040180351))
((13,72),(3.0,2.616222891523897))
((10,25),(3.0,2.984305798663491))
((11,88),(1.0,1.553057374237246))
((20,41),(2.0,1.8528160973481274))
((21,64),(1.0,0.9318000282968697))
((2,12),(3.0,2.8506102539479903))
((11,12),(1.0,1.5188043635866002))
((7,63),(2.0,2.36938460869193))
((12,35),(5.0,4.673626047674259))
((6,2),(3.0,2.984831359900861))
((15,46),(5.0,4.697556090003933))
((2,28),(1.0,1.2688246636326388))
((9,5),(1.0,0.7688749932583898))
