((23,66),(2.0,1.9576987342715564))
((24,33),(1.0,1.0718136130143376))
((26,35),(1.0,1.1154906879843718))
((28,45),(1.0,1.5506987092704958))
((26,0),(1.0,1.1592695819090677))
((10,56),(1.0,0.8963069229688992))
((1,91),(1.0,1.5475581362744995))
((29,74),(1.0,0.9688523118931012))
((7,47),(4.0,3.9191562529216655))
((4,17),(1.0,0.8521413525293471))
((13,40),(2.0,1.7414839350457063))
((28,99),(1.0,1.0682695258754835))
((5,71),(1.0,0.8866319116927921))
((23,61),(1.0,1.0503693714633144))
((8,9),(1.0,1.076525430540691))
((21,81),(1.0,0.5692051861919905))
((9,6),(1.0,1.040282853871513))
((13,77),(2.0,1.6865582633339133))
((24,39),(1.0,0.7639698255025722))
((8,54),(1.0,0.8221324930826579))
((16,36),(1.0,1.315112329830924))
((15,33),(2.0,1.4779053394792456))
((9,63),(3.0,3.1135554113885906))
((6,89),(1.0,0.997249213682367))
((28,27),(1.0,0.47179599509909353))
((15,48),(2.0,1.7930479493298013))
((18,48),(1.0,1.0812809718677407))
((23,38),(1.0,1.4044006778088747))
((21,45),(1.0,1.2127065897817886))
((23,32),(5.0,5.052540681603457))
((21,96),(3.0,2.767267703213857))
((0,17),(1.0,0.9707078835065257))
((26,91),(1.0,1.186134730299015))
((3,37),(1.0,1.0912703188020734))
((22,19),(1.0,0.8569653396431753))
((29,15),(1.0,1.0272927406058172))
((14,27),(1.0,1.0752941995309095))
((14,31),(3.0,3.0987620432418277))
((17,34),(1.0,0.9091487216753503))
((9,88),(1.0,0.7523622835857431))
((20,93),(1.0,0.8356188793500183))
((28,15),(1.0,1.0524790848620473))
((1,77),(3.0,2.9140227434220667))
((6,61),(3.0,2.4871010521757797))
((13,93),(4.0,3.6958826603201707))
((15,62),(1.0,1.506820484527427))
((12,91),(3.0,3.48998755361806))
((9,36),(2.0,2.015722949788522))
((4,44),(1.0,0.8024609613316362))
((10,36),(1.0,0.9250433617253808))
((19,0),(1.0,0.6956680424674135))
((3,38),(2.0,2.113378458069172))
((12,67),(1.0,0.8618608176014455))
((22,35),(1.0,0.8321800354969391))
((17,79),(1.0,0.9639237345703116))
((9,9),(1.0,1.0536623652304167))
((5,51),(1.0,1.3079641491651874))
((15,26),(3.0,2.3879360627669652))
((9,83),(1.0,1.102933973493589))
((13,6),(1.0,0.8639134064731002))
((4,63),(3.0,2.7625829256873633))
((27,90),(1.0,1.638895492951634))
((22,65),(1.0,0.847877875874786))
((13,43),(2.0,1.9336717765906668))
((5,68),(4.0,3.5426220366461125))
((15,23),(2.0,1.7283878864583504))
((19,56),(2.0,1.833612066493171))
((3,35),(1.0,1.3670016118868686))
((18,18),(1.0,1.1640375785257087))
((10,28),(1.0,0.8249593453894283))
((8,53),(5.0,4.7243640479026))
((0,3),(1.0,0.8152768589591939))
((0,71),(1.0,1.3234473475309079))
((15,65),(2.0,2.027490849958963))
((22,40),(1.0,1.080203620358216))
((12,18),(2.0,2.1326278092113604))
((26,50),(2.0,1.7350540412010187))
((4,70),(4.0,3.825876386331079))
((7,30),(1.0,0.7465220283143319))
((10,10),(1.0,1.1728020123170064))
((17,60),(1.0,0.6395007468415377))
((6,6),(1.0,1.099080996426534))
((27,83),(3.0,2.8918386756692387))
((13,64),(1.0,1.1369343024772274))
((5,60),(1.0,1.0757324509890176))
((17,92),(1.0,1.1289800151975848))
((14,34),(1.0,0.8931434888698394))
((24,94),(2.0,1.8700287766579042))
((15,37),(1.0,0.8710002681187152))
((20,73),(2.0,2.0117658530414766))
((6,25),(5.0,4.91496742189139))
((23,97),(1.0,1.2148396691363899))
((10,89),(3.0,3.0194207670974054))
((28,52),(1.0,0.9362096893681358))
((29,39),(1.0,1.3303043283824576))
((26,24),(5.0,5.018821624777259))
((12,30),(2.0,1.737857379062929))
((17,69),(1.0,0.5560093130946109))
((4,20),(1.0,0.7962805280883405))
((29,4),(1.0,1.3802102321195056))
((18,44),(4.0,3.9222968865345638))
((8,64),(1.0,1.3786366783652202))
((19,82),(1.0,0.9825576163212753))
((20,85),(2.0,2.068916023841279))
((22,61),(1.0,1.0237349680170997))
((22,30),(5.0,4.506963573693323))
((4,88),(3.0,2.803557230562746))
((22,92),(3.0,2.8301054229552185))
((6,85),(3.0,3.488137064465959))
((19,90),(4.0,3.4860424344143017))
((11,38),(4.0,3.678838573595251))
((23,65),(5.0,4.348794003470401))
((4,73),(1.0,0.8265902661463589))
((26,97),(1.0,1.0122089780365822))
((27,86),(1.0,0.8910035227817339))
((23,55),(5.0,5.286965658550525))
((6,96),(1.0,1.4635935811510588))
((2,8),(5.0,4.988797407981916))
((24,96),(5.0,5.0342058455554035))
((11,11),(1.0,0.9922994680290755))
((11,22),(1.0,1.1169706299309528))
((20,88),(3.0,3.2899036176672647))
((28,33),(1.0,1.1924551257952551))
((22,41),(3.0,2.9613527926991883))
((19,69),(2.0,2.0297830660040015))
((29,79),(2.0,2.1806173900851995))
((12,63),(1.0,1.2958727767671663))
((3,80),(4.0,4.069788989179802))
((9,61),(1.0,0.968085865829573))
((2,6),(1.0,0.6834719353221679))
((2,87),(2.0,2.153324383215747))
((22,80),(3.0,2.9937548644265854))
((18,56),(1.0,0.8190646873906748))
((16,54),(5.0,4.275390015910891))
((23,83),(1.0,0.9702284276454642))
((5,65),(2.0,2.5646745144949517))
((2,38),(1.0,1.6122491831495975))
((0,30),(1.0,1.3445981024379678))
((2,50),(1.0,0.8762014872194688))
((1,14),(1.0,1.0017247705634094))
((12,52),(1.0,1.1175841080318207))
((10,22),(1.0,0.9571331455174756))
((4,14),(2.0,2.226264310196499))
((12,94),(4.0,4.217845231246603))
((24,6),(3.0,2.256160193005592))
((0,92),(4.0,3.667453254082719))
((27,27),(3.0,3.2145177887492893))
((14,48),(1.0,1.1748755924603973))
((26,54),(4.0,4.077354583471785))
((11,50),(4.0,3.761400123546356))
((18,20),(1.0,1.0149458227280357))
((18,31),(1.0,1.008590155251303))
((17,82),(2.0,1.8023346556466375))
((18,66),(3.0,3.31053446331165))
((11,71),(3.0,2.970158813973829))
((23,48),(5.0,4.798215228940132))
((14,14),(3.0,2.910810604485749))
((9,58),(1.0,1.1414470477802294))
((24,32),(3.0,2.780136710808656))
((11,75),(3.0,2.9908742304081506))
((25,82),(1.0,1.5343702143509423))
((18,70),(1.0,1.0160286258146345))
((2,22),(1.0,0.8364504438710514))
((4,55),(1.0,0.43549559317907516))
((20,45),(2.0,1.5476535425041107))
((8,85),(5.0,4.520522094368175))
((1,76),(1.0,0.9773870875350408))
((5,28),(1.0,0.5287679611041762))
((29,86),(1.0,1.261942654783932))
((28,20),(1.0,1.1701115544152259))
((10,67),(2.0,1.366674069474878))
((20,89),(1.0,1.0876196944190122))
((24,27),(3.0,3.051825587649324))
((25,74),(1.0,0.9026471067732975))
((3,14),(1.0,0.990306797960522))
((24,72),(4.0,3.7210049156983125))
((15,22),(2.0,1.8672611696280752))
((22,0),(1.0,1.1810005344487888))
((8,3),(2.0,1.7668922914974274))
((14,6),(1.0,1.2414248208394025))
((13,3),(1.0,0.8885693610256009))
((13,18),(3.0,2.695207115546685))
((14,71),(1.0,1.3010356321941103))
((18,23),(2.0,1.9191674124216265))
((13,12),(1.0,0.8344553481397985))
((15,72),(1.0,0.9203335174073111))
((16,80),(1.0,0.9443203766560542))
((14,45),(1.0,1.2446427821942976))
((15,29),(1.0,0.9171831814242313))
((5,54),(1.0,1.0998187305852272))
((11,25),(1.0,0.5508040178276563))
((0,87),(1.0,1.0614428987031685))
((25,23),(1.0,1.3177853371731314))
((11,77),(1.0,0.9057263897807757))
((1,56),(2.0,2.1871100148078697))
((2,39),(5.0,4.875033128353721))
((6,94),(1.0,1.0564893602086798))
((23,36),(3.0,3.0257795635862905))
((18,28),(5.0,4.819804309012367))
((17,73),(3.0,2.80053714719553))
((12,79),(3.0,3.195974753614233))
((2,15),(2.0,1.5077764228031454))
((3,67),(1.0,0.7808532275218847))
((24,91),(1.0,1.0263880579428166))
((6,44),(1.0,1.2082756316576941))
((17,84),(1.0,1.1923484141449288))
((28,3),(1.0,0.9625421819994997))
((26,66),(1.0,1.0097921130865157))
((22,32),(4.0,4.068264508044118))
((24,68),(3.0,2.6434906685313138))
((6,60),(1.0,1.2868060997464204))
((3,44),(1.0,1.2020500023491056))
((7,16),(1.0,1.2544749756520102))
((10,58),(1.0,1.130252946075366))
((29,5),(1.0,1.5814660825436233))
((24,63),(4.0,4.027163586392286))
((16,49),(1.0,0.41559722757301354))
((2,47),(1.0,0.9089615097111985))
((4,24),(1.0,1.3069173524738464))
((15,50),(2.0,1.8881471157007728))
((16,29),(4.0,3.5898359990009334))
((29,94),(4.0,3.57637418823918))
((24,24),(1.0,1.2452808267426643))
((15,64),(3.0,3.3141147212389086))
((8,67),(3.0,2.96540673387696))
((15,19),(2.0,1.661573366259495))
((18,40),(1.0,1.1933489910862722))
((23,33),(2.0,2.157836826987074))
((20,29),(2.0,2.213785448399367))
((29,19),(3.0,2.179633110150924))
((0,77),(2.0,1.688801253656404))
((8,55),(1.0,0.7645330048099599))
((13,68),(1.0,0.530541628272192))
((4,34),(1.0,1.1465838119778706))
((10,37),(1.0,1.1813586684202648))
((4,89),(2.0,2.239155036052607))
((21,38),(1.0,0.4627517687496381))
((24,31),(1.0,1.084085173660921))
((6,28),(1.0,0.9800659943153222))
((6,50),(1.0,1.0324889922555105))
((19,65),(1.0,1.6199887175120504))
((22,26),(1.0,0.9368340251921952))
((21,13),(1.0,1.0467665196677511))
((20,91),(1.0,0.5895336016561168))
((18,75),(1.0,1.2205673968606998))
((24,90),(5.0,5.089191791877913))
((3,26),(1.0,0.8617181666767966))
((25,50),(1.0,1.4380924011223746))
((7,44),(1.0,1.2770274365430008))
((14,39),(2.0,2.3887716807275714))
((14,68),(1.0,1.3930687824317258))
((14,76),(5.0,4.528735478310524))
((26,3),(1.0,0.9445795809950083))
((9,32),(4.0,3.85523215145078))
((6,10),(1.0,0.6552027449116646))
((7,7),(1.0,0.9728080542852044))
((12,72),(1.0,1.0175152824015994))
((11,19),(4.0,3.9679098601455522))
((23,73),(3.0,3.0256618945815186))
((12,83),(1.0,1.1707240609675045))
((1,60),(1.0,1.3480269418525064))
((5,64),(3.0,3.0164468497681165))
((9,21),(1.0,1.0887214482777425))
((9,38),(1.0,1.2527198147582235))
((3,60),(3.0,2.965251794378741))
((9,69),(1.0,1.0979164912218113))
((7,96),(1.0,0.9454334225916412))
((3,94),(3.0,3.3845071016974133))
((4,67),(2.0,2.2482823330499198))
((24,40),(1.0,0.8577776853204724))
((25,43),(1.0,1.2958627749870173))
((16,74),(1.0,1.1945483449922216))
((10,13),(2.0,1.906286907454477))
((21,7),(2.0,2.205593074286059))
((3,24),(3.0,2.5189658745787327))
((4,61),(1.0,1.2905042676792375))
((21,0),(1.0,1.1990906288955232))
((4,87),(3.0,2.7460182704664593))
((4,36),(1.0,1.1573057841075551))
((3,51),(5.0,4.460572004376731))
((26,94),(5.0,5.015154668886604))
((18,29),(1.0,1.2657366163398005))
((1,88),(2.0,1.8715869431802838))
((19,43),(1.0,0.754106923840776))
((25,22),(1.0,1.0258998657413787))
((6,63),(3.0,2.902498619634748))
((10,79),(1.0,1.1995807783155479))
((16,50),(1.0,1.1497623024125714))
((29,46),(5.0,4.528862005641774))
((22,74),(5.0,4.887800327060114))
((4,10),(1.0,1.0916818156102188))
((25,56),(1.0,1.1975755065936824))
((8,96),(3.0,2.9401685866420815))
((2,88),(1.0,0.8758920535039115))
((12,24),(1.0,0.5830370966285212))
((14,69),(3.0,2.819678547756087))
((7,21),(1.0,1.3267543096313354))
((10,55),(2.0,1.7323950894616256))
((8,97),(1.0,1.1370931999939207))
((21,2),(4.0,3.814723606046024))
((22,6),(2.0,2.4589146891612854))
((12,84),(1.0,1.2350903788705865))
((0,9),(4.0,3.371538999354024))
((0,68),(1.0,1.3977213669079174))
((22,99),(1.0,0.9923423112817332))
((12,51),(1.0,1.4499044447325529))
((27,59),(1.0,0.5565120745680529))
((3,34),(3.0,2.564311774944323))
((10,4),(3.0,2.779440585188219))
((19,12),(1.0,0.9129357091087754))
((1,63),(1.0,1.0286203428247416))
((8,0),(1.0,0.7966229469445709))
((11,18),(5.0,4.98049793200898))
((11,23),(5.0,4.8993685850540825))
((15,73),(1.0,1.0442868054691066))
((4,15),(1.0,1.1067690592763797))
((19,98),(4.0,3.6916248111882997))
((6,86),(1.0,1.044400220702979))
((28,29),(1.0,0.5784394158519754))
((10,2),(4.0,3.52827400399777))
((11,0),(1.0,1.0041264439092281))
((17,49),(3.0,3.555653637809844))
((5,91),(2.0,2.037375371358743))
((15,15),(1.0,0.9211939426167257))
((22,29),(3.0,3.4606872910297577))
((9,25),(1.0,1.249182734140608))
((15,51),(1.0,0.9389797072838075))
((2,26),(1.0,1.125259611495319))
((0,21),(1.0,0.8165113540100035))
((1,13),(1.0,0.5817497476935038))
((21,21),(1.0,0.9622703521649156))
((21,43),(3.0,3.207332030992738))
((14,44),(1.0,0.9651373557524564))
((6,16),(2.0,1.8731174097006185))
((21,55),(1.0,0.9250381558413239))
((26,52),(1.0,0.9589007004485559))
((6,17),(1.0,1.1057434697094775))
((23,64),(4.0,4.216269971619301))
((9,59),(1.0,0.9927232756677018))
((12,8),(1.0,0.9579848812778704))
((9,3),(1.0,1.1460821225327162))
((14,55),(1.0,0.8284239090751708))
((0,5),(2.0,1.95060637662062))
((12,75),(1.0,0.774473087915311))
((26,85),(1.0,1.0416546168526166))
((4,29),(4.0,3.77704510215268))
((29,13),(3.0,2.7854715540674038))
((29,22),(3.0,2.9760850518843336))
((18,80),(3.0,3.0099423970826686))
((6,56),(1.0,0.7078447540354689))
((18,7),(1.0,1.0282706941973805))
((17,90),(5.0,5.323946893216385))
((9,87),(4.0,4.066099768105866))
((9,37),(2.0,2.028309922176941))
((12,77),(1.0,1.5957806734933877))
((0,44),(1.0,0.7211283531409668))
((18,1),(1.0,1.12889344486021))
((3,29),(3.0,2.9695650353077676))
((29,85),(1.0,0.6720745691939431))
((26,13),(3.0,2.9194586739719224))
((8,99),(1.0,0.9925591646169274))
((7,39),(3.0,2.101664774552355))
((23,43),(1.0,1.0114007552029878))
((24,57),(1.0,1.111973716200982))
((24,89),(1.0,1.034221586912797))
((21,48),(1.0,0.9982479309330088))
((26,55),(1.0,1.2988383537703825))
((28,50),(1.0,0.853736121430418))
((22,81),(1.0,1.4755138427542076))
((12,21),(1.0,0.9311507233871499))
((10,35),(1.0,0.8990732296584767))
((1,67),(1.0,0.9427785216070486))
((6,77),(1.0,1.0479552269489019))
((23,87),(3.0,2.8784625854529287))
((20,75),(4.0,3.5688537462916443))
((24,50),(1.0,0.853323434343382))
((13,73),(1.0,0.9805134052733898))
((7,42),(2.0,1.9562626885386951))
((8,7),(1.0,0.9203911264141098))
((17,55),(5.0,4.616785496022228))
((4,1),(1.0,1.1102699774459301))
((20,77),(4.0,3.9121311904841587))
((14,36),(1.0,0.8793506319914631))
((5,0),(1.0,0.8977082588048801))
((13,51),(1.0,1.5457085154338457))
((22,16),(1.0,0.8699450756021724))
((6,87),(1.0,1.5614820128085343))
((29,80),(1.0,1.2884336955275564))
((1,9),(3.0,2.216028092814603))
((17,19),(1.0,0.7808152231408073))
((23,68),(3.0,3.0842937254893656))
((28,75),(1.0,1.0647197334396044))
((11,94),(2.0,2.087502170527522))
((1,73),(1.0,1.2360801602845688))
((18,76),(3.0,2.978059568915282))
((26,95),(1.0,1.215154840623915))
((27,24),(2.0,2.368999170317981))
((9,70),(3.0,2.6683652809457645))
((7,3),(1.0,1.3443369479992393))
((14,47),(3.0,3.1012199026741465))
((11,47),(1.0,0.914807062436725))
((6,84),(1.0,1.5334404855846795))
((25,84),(2.0,1.6099294150279255))
((6,45),(1.0,1.2505379967876684))
((3,46),(1.0,0.8968388569559114))
((22,68),(4.0,4.0102343718218485))
((18,15),(1.0,1.4432425999954213))
((29,25),(1.0,0.8336294404658371))
((17,2),(1.0,0.8729560607135056))
((27,61),(1.0,0.8158902968157166))
((26,40),(1.0,0.9204281554510927))
((12,82),(2.0,1.884539986298809))
((0,50),(1.0,0.9069780485679793))
((11,89),(1.0,1.0591016792428662))
((19,93),(1.0,0.9043115295618502))
((20,26),(1.0,1.2046864597311844))
((1,16),(1.0,1.3014807784807374))
((10,51),(1.0,0.8121765716670045))
((15,52),(1.0,0.917769622746829))
((7,33),(1.0,1.1756884404800627))
((9,94),(2.0,2.4248739503913597))
((16,51),(5.0,4.653525085817983))
((6,18),(1.0,0.841254316034405))
((13,5),(1.0,0.9137325677498445))
((13,33),(1.0,1.1372744782622015))
((11,66),(4.0,4.126443065230897))
((24,80),(1.0,1.0507164819509072))
((16,38),(1.0,1.1572470454792105))
((22,90),(2.0,2.5003336484755647))
((25,20),(1.0,0.9619240737089239))
((3,18),(4.0,4.140576910809971))
((17,47),(1.0,1.1229571001533118))
((25,41),(1.0,1.0846780423886075))
((20,76),(1.0,0.984635963785097))
((2,57),(2.0,1.7079139517891495))
((11,10),(1.0,1.1950361396665887))
((7,77),(1.0,0.9448422938420575))
((1,47),(1.0,0.9771694465043659))
((3,89),(1.0,0.8878445612444037))
((26,49),(3.0,3.051700206730528))
((24,12),(1.0,0.9082163562365537))
((28,34),(1.0,0.9295490528486796))
((1,92),(2.0,2.3984195360079807))
((6,67),(3.0,3.040993488670651))
((9,82),(1.0,1.514347451488752))
((26,47),(1.0,1.0037255884411387))
((4,39),(2.0,2.150600871539986))
((19,84),(1.0,0.9245190632193153))
((17,28),(1.0,1.4787808732712202))
((7,82),(1.0,1.269179851290126))
((22,84),(1.0,1.414966765846216))
((2,13),(1.0,1.0126021771346387))
((6,53),(1.0,1.0573899726134868))
((29,69),(1.0,1.3261207890610174))
((5,36),(3.0,3.1530077464116797))
((14,25),(2.0,2.3875970231509838))
((22,86),(1.0,1.408058632130849))
((10,16),(2.0,1.9312211041799952))
((20,79),(1.0,0.8751261643538182))
((24,49),(1.0,1.2752564867434835))
((13,78),(1.0,0.9058945034749326))
((26,23),(5.0,4.990719225835827))
((6,26),(1.0,1.1566718303125))
((14,9),(1.0,0.8963938624263281))
((18,98),(1.0,0.7649488633776367))
((8,90),(1.0,0.9871505861245717))
((18,6),(1.0,0.6155381347808038))
((4,40),(3.0,2.986426480127038))
((16,9),(1.0,1.124126452453122))
((18,67),(1.0,1.1267344401342174))
((7,2),(2.0,2.316409437503287))
((13,83),(3.0,2.398140977926606))
((19,1),(1.0,1.2652587252986742))
((6,55),(1.0,0.9660038419794479))
((8,50),(1.0,0.9084477282484567))
((1,72),(1.0,0.9117121630907372))
((23,39),(1.0,0.4459349174732319))
((6,33),(1.0,1.1357190525049468))
((10,39),(1.0,1.3019032292927597))
((7,86),(1.0,1.1073536523188952))
((27,31),(1.0,0.8050907213888081))
((27,20),(1.0,0.8641150344912035))
((8,52),(5.0,4.971008856975274))
((0,54),(1.0,0.6062771375982908))
((26,6),(3.0,2.3099724522958054))
((12,78),(1.0,1.0975423576982037))
((15,87),(1.0,0.9617888391135012))
((16,57),(1.0,0.9255942843513012))
((18,38),(5.0,4.63460960119069))
((23,84),(1.0,0.9540786427641949))
((19,87),(2.0,2.111934536070078))
((3,56),(1.0,1.3857234807641836))
((6,38),(1.0,1.0722076100035696))
((27,57),(1.0,1.2201574791371563))
((10,7),(1.0,1.168366458433915))
((14,93),(3.0,3.0732364633257614))
((22,33),(1.0,0.7637898989498031))
((8,40),(2.0,2.230602848855111))
((16,12),(1.0,1.1569676572473717))
((15,91),(2.0,2.3078541758479014))
((1,86),(2.0,1.2643129556690749))
((8,35),(1.0,1.313717397422968))
((26,2),(1.0,1.1422418510810814))
((12,17),(5.0,4.776769587691859))
((23,6),(2.0,1.7351959029730732))
((13,99),(1.0,1.023298246074892))
((14,82),(1.0,0.3595351730213476))
((21,19),(1.0,0.9966904476068653))
((22,62),(4.0,3.437337988195563))
((27,45),(1.0,0.8926902067960084))
((24,88),(2.0,2.0325495060300036))
((26,81),(3.0,2.996262224446205))
((11,61),(1.0,1.198207331840276))
((17,13),(2.0,2.4575695403841413))
((18,82),(1.0,1.021534455932585))
((1,62),(4.0,3.4571585999281864))
((21,24),(1.0,1.0611429175210318))
((9,15),(1.0,1.0347968594636934))
((3,9),(1.0,0.660256105092361))
((18,42),(1.0,0.9339473849799648))
((3,47),(1.0,1.0993727027618045))
((23,95),(2.0,2.1354631622490854))
((5,29),(1.0,0.740728079121471))
((4,78),(1.0,1.0392224085639017))
((4,43),(2.0,2.497967040625289))
((7,81),(1.0,0.9497171331844814))
((15,1),(4.0,3.186261485639295))
((21,14),(3.0,3.0005195550239794))
((22,11),(1.0,1.071285736794052))
((22,87),(3.0,2.6442353739528515))
((28,85),(1.0,0.7844724370357232))
((9,75),(1.0,1.2512332577545449))
((13,15),(1.0,1.0484982137179306))
((0,28),(1.0,1.2963531930724894))
((7,48),(1.0,0.7863377634302888))
((14,13),(1.0,0.8715805855653553))
((16,91),(1.0,0.9747133092143137))
((13,17),(1.0,0.9677184155631631))
((29,81),(2.0,2.2114191447474476))
((27,55),(3.0,2.4694538528345236))
((28,49),(4.0,4.044696171714689))
((1,28),(3.0,2.743161904037045))
((11,70),(1.0,1.1925519238545699))
((5,55),(5.0,4.566728146295928))
((14,72),(4.0,3.677269270592557))
((8,58),(4.0,3.958392474096071))
((8,4),(2.0,1.8036731329005886))
((18,32),(1.0,0.7810102679456203))
((27,70),(1.0,0.8688358599419994))
((2,76),(1.0,1.0033404105221662))
((7,1),(1.0,0.956973411506687))
((0,69),(1.0,1.0948002238831223))
((16,7),(1.0,0.8586152738814146))
((2,77),(1.0,1.4717036418002325))
((15,96),(1.0,0.6781229690132866))
((27,75),(3.0,2.831242252704588))
((19,48),(1.0,1.4405095787771103))
((1,85),(3.0,3.1158204493489703))
((8,71),(1.0,1.1127239501115256))
((4,22),(1.0,0.9670329903628113))
((21,73),(1.0,1.0518490569517125))
((11,27),(5.0,5.127165919592947))
((11,30),(5.0,5.172938856439467))
((12,41),(1.0,0.9608358805410208))
((6,48),(1.0,0.8052223811418526))
((29,83),(1.0,1.188938334499967))
((10,98),(1.0,0.9490188494104523))
((0,2),(3.0,3.311521342789273))
((0,11),(1.0,0.9407461642167976))
((28,95),(2.0,2.0625170544579383))
((1,54),(1.0,1.6502154463709215))
((14,54),(1.0,1.6554530557508094))
((21,51),(1.0,1.3950941767516007))
((28,98),(1.0,0.9052903721254291))
((29,29),(1.0,0.8238184809646607))
((5,27),(1.0,1.4309671924797767))
((29,93),(1.0,1.116440155085581))
((5,10),(2.0,2.530679324688944))
((28,0),(3.0,3.133414149430555))
((11,78),(1.0,1.0527985146309762))
((9,84),(1.0,0.9634318070254329))
((17,17),(5.0,4.3778919793403155))
((27,82),(1.0,0.9375720055853455))
((23,14),(1.0,1.2384029750082908))
((28,7),(1.0,1.0418258031685932))
((4,9),(1.0,1.260117065477921))
((7,22),(1.0,1.2255250385057197))
((17,20),(5.0,4.647351537806646))
((9,73),(2.0,2.124748636201548))
((10,75),(1.0,0.5823157292217824))
((8,72),(3.0,3.4633187968231667))
((17,91),(3.0,2.5311248973641414))
((23,37),(1.0,1.2608245458082332))
((14,28),(1.0,0.7300190124118731))
((22,95),(2.0,2.2130043679858415))
((9,24),(1.0,0.7049250852051339))
((24,46),(1.0,0.9040383604873483))
((29,33),(2.0,1.816120459906801))
((17,38),(1.0,0.7699143093332808))
((13,94),(1.0,0.7787316943384548))
((15,79),(1.0,1.057643979758244))
((8,98),(1.0,1.2341954909751678))
((20,48),(1.0,0.8798895913771556))
((10,66),(1.0,1.0029240118105258))
((26,57),(3.0,2.908920917194557))
((28,57),(3.0,2.9293484125000218))
((6,91),(2.0,2.13160918063128))
((9,43),(3.0,3.0269164404257394))
((14,88),(1.0,1.0165044921574427))
((16,19),(1.0,1.2413015033374617))
((16,15),(1.0,0.9976945767093945))
((16,96),(3.0,3.113975369205234))
((8,18),(1.0,1.1242619339059248))
((26,71),(1.0,1.0380556140458137))
((3,76),(3.0,2.787029210021821))
((17,35),(2.0,2.311331040356153))
((25,30),(1.0,0.8062374071648916))
((19,81),(1.0,0.6172332489096595))
((27,44),(3.0,2.5440454031037554))
((20,6),(1.0,1.3380990826005559))
((15,97),(1.0,0.8154615111659576))
((19,14),(1.0,0.7425852998525839))
((27,78),(1.0,0.8689230687498711))
((13,31),(1.0,1.0730134779504277))
((13,49),(1.0,1.5713903255821449))
((26,14),(1.0,1.0102353973056388))
((0,61),(2.0,1.8373144954833842))
((5,79),(1.0,0.8581341582486328))
((16,85),(5.0,4.976870948057737))
((19,31),(1.0,1.0409730078500967))
((5,39),(1.0,1.3954532011662477))
((17,3),(1.0,0.9781225129071323))
((19,11),(1.0,0.862306412790468))
((22,98),(4.0,3.8147541111591288))
((24,66),(1.0,1.1208971374650372))
((5,31),(1.0,0.9052575861508914))
((6,43),(4.0,3.3056550786078183))
((14,79),(1.0,1.2782509802597637))
((6,30),(1.0,1.0300036216236856))
((7,23),(1.0,0.8841305113547584))
((18,47),(1.0,1.2281251970165639))
((17,66),(1.0,1.394504176405201))
((12,4),(1.0,0.7388631963577856))
((2,71),(3.0,2.9316750336846535))
((6,58),(4.0,3.683555632549952))
((11,9),(1.0,0.7067947196167865))
((14,73),(1.0,0.8822230165833167))
((11,97),(3.0,2.9073091810372365))
((14,7),(1.0,1.351194008492932))
((20,61),(1.0,0.9246131908715194))
((9,35),(2.0,1.8624450841240243))
((27,0),(1.0,0.9353423385092501))
((28,1),(1.0,1.1570890591795124))
((1,6),(1.0,1.0273446148727672))
((26,76),(1.0,1.075431650609433))
((17,56),(3.0,2.9308707026218355))
((3,68),(2.0,2.016454466796058))
((5,8),(1.0,1.0558262672786345))
((5,95),(2.0,1.9267718518738408))
((12,70),(1.0,0.7635340336754015))
((13,29),(3.0,2.9309260403835435))
((0,41),(2.0,2.0360714586248903))
((19,34),(1.0,1.4750929941936886))
((21,83),(1.0,1.4275204698169262))
((14,10),(1.0,1.2852524671792205))
((19,58),(1.0,1.0080549764277253))
((24,78),(1.0,0.9899599708940074))
((16,32),(1.0,1.0615835955538113))
((19,76),(1.0,1.2091079143813461))
((21,29),(5.0,4.926970419657554))
((10,17),(1.0,0.7662860033754892))
((6,66),(1.0,0.996541890895168))
((22,60),(3.0,2.840586945825351))
((13,52),(2.0,2.100984647375302))
((12,60),(1.0,0.8604959397118819))
((1,74),(2.0,1.8359815446412098))
((16,60),(1.0,1.0254334944046342))
((1,12),(1.0,1.4286406657045638))
((25,71),(4.0,3.6894974520310795))
((16,67),(1.0,1.146880559439234))
((21,44),(1.0,0.873782796546706))
((3,84),(1.0,0.865875385550652))
((5,88),(1.0,1.0110932317118488))
((25,34),(3.0,2.9354488069396107))
((26,88),(5.0,5.009163195667387))
((23,88),(1.0,1.1197368243404593))
((26,61),(1.0,1.0523889789635694))
((26,68),(4.0,3.8198140706930035))
((19,62),(1.0,1.7837659605406175))
((24,98),(1.0,1.1863670326472384))
((19,45),(1.0,1.390685821334633))
((22,75),(5.0,5.1021229812599165))
((3,52),(3.0,3.105567308793262))
((3,58),(1.0,0.8630436316149339))
((15,39),(1.0,1.414909648050462))
((18,4),(3.0,3.163174838371299))
((18,51),(2.0,2.008531804276456))
((11,90),(4.0,3.5762333210633415))
((14,20),(1.0,1.0862368658628494))
((27,10),(1.0,0.8166972858311741))
((29,11),(1.0,1.1784943080368186))
((8,31),(3.0,2.715244887902208))
((8,69),(1.0,1.3535295281326531))
((29,9),(1.0,1.7253679258113124))
((25,67),(2.0,1.862306399245295))
((4,71),(1.0,0.8685629672469084))
((7,59),(1.0,1.057987292290921))
((10,14),(1.0,0.9225439985152577))
((4,85),(1.0,1.383490136994055))
((2,62),(1.0,1.4023797090911667))
((7,31),(3.0,3.0470236544378353))
((9,2),(3.0,3.0310017713934343))
((26,31),(1.0,0.8055649227207766))
((29,36),(2.0,2.361467285807691))
((29,67),(1.0,0.8166675509846848))
((0,31),(1.0,0.7148390289858009))
((23,85),(1.0,0.7251570483557437))
((3,91),(1.0,0.701626401902125))
((19,53),(2.0,2.2438375682324017))
((11,40),(1.0,1.0217394383859348))
((22,45),(2.0,1.8791157580563633))
((15,98),(3.0,2.5602514765212816))
((20,72),(1.0,0.9996469128049017))
((0,79),(1.0,0.68136027602408))
((27,64),(1.0,1.0162886514259215))
((28,90),(1.0,0.9376907558817265))
((17,94),(4.0,4.031549218046403))
((28,94),(1.0,1.0404249424879597))
((7,61),(2.0,2.32752884101535))
((22,22),(5.0,4.806042563168796))
((10,77),(1.0,1.3914879375366263))
((24,52),(5.0,5.004298668584894))
((29,31),(1.0,1.5071526008103255))
((22,13),(1.0,1.2892516404881604))
((9,53),(1.0,1.3543972474759993))
((12,25),(1.0,1.3594641733233228))
((1,43),(1.0,1.1171264888800412))
((13,88),(2.0,1.755541430170873))
((21,84),(1.0,0.9200814286800953))
((25,16),(3.0,3.1420218294426876))
((4,12),(1.0,1.4272478294329722))
((9,50),(3.0,3.310486930469632))
((14,40),(1.0,0.9637118382016086))
((2,66),(3.0,2.702109858724295))
((16,86),(1.0,1.454924425218475))
((17,59),(1.0,0.8558723702842559))
((3,36),(3.0,2.867234421619764))
((19,78),(1.0,0.9142756521273699))
((20,66),(1.0,0.8350181326860486))
((19,64),(1.0,0.744645094821144))
((22,5),(2.0,2.02807889597483))
((26,86),(3.0,2.7110345864688528))
((3,88),(4.0,4.094693472257267))
((26,73),(4.0,3.9713956353449547))
((7,35),(1.0,0.6472798338591621))
((23,0),(1.0,1.1498621374089262))
((10,38),(1.0,1.1927623429740994))
((21,85),(3.0,2.9223813424396847))
((29,70),(1.0,0.9484601410068347))
((10,50),(1.0,1.1902177129693283))
((26,20),(1.0,1.0304051508355574))
((3,1),(1.0,0.8026217188426923))
((15,82),(2.0,1.7846790184731933))
((4,62),(4.0,3.298363185259202))
((1,70),(2.0,1.8551647943199507))
((25,73),(1.0,0.8624379972665055))
((9,86),(1.0,1.2251938649139644))
((9,14),(3.0,3.005823897982067))
((19,94),(4.0,3.5364173963805756))
((18,25),(1.0,0.8660217643281849))
((0,98),(1.0,1.2200283912484997))
((23,27),(5.0,4.376434913366989))
((3,19),(1.0,1.2435788473624052))
((27,94),(2.0,1.9295208896610982))
((22,82),(1.0,1.0577042984610907))
((13,22),(1.0,1.0341397750649826))
((14,83),(1.0,0.8155594746933322))
((2,59),(1.0,1.0917787352838988))
((4,69),(1.0,0.6187030793602051))
((24,71),(1.0,0.9936841146294404))
((5,48),(3.0,3.2228563073903294))
((14,63),(5.0,4.579244997653336))
((1,4),(2.0,1.8020094374886333))
((13,71),(1.0,1.2202678991294431))
((23,69),(1.0,1.1847751711496222))
((27,51),(3.0,2.6745061238848735))
((13,44),(1.0,1.3888843692487682))
((15,80),(1.0,0.7702002914810167))
((20,25),(1.0,0.9088341178433588))
((2,58),(2.0,1.8624460032421424))
((16,65),(1.0,0.7802215879271959))
((7,29),(4.0,3.8729977658120793))
((5,84),(1.0,0.9523887963071189))
((27,33),(3.0,2.70263030091735))
((7,45),(2.0,1.2651738230035527))
((6,20),(1.0,0.9926087698279729))
((6,75),(1.0,0.8640585680176409))
((8,5),(1.0,1.27809962070087))
((22,25),(1.0,1.0422569265651052))
((28,17),(1.0,1.000285789010087))
((27,91),(1.0,1.2148908175784017))
((26,45),(2.0,2.1027281920581524))
((1,21),(3.0,2.3446319561321514))
((24,87),(1.0,1.2953418036481608))
((12,86),(1.0,1.058375990966216))
((26,36),(4.0,3.8357225858336133))
((0,95),(2.0,1.8685539237129116))
((17,72),(1.0,0.7334411988039232))
((6,1),(1.0,1.368723200614253))
((10,18),(1.0,0.9947917740729266))
((18,5),(2.0,1.9175094021299621))
((22,96),(2.0,2.0744299041386522))
((28,24),(3.0,2.3388610944006962))
((28,92),(5.0,5.099887395567451))
((8,29),(5.0,5.28915336341405))
((15,81),(1.0,1.2513337273890823))
((17,57),(1.0,1.010975947720516))
((28,2),(4.0,4.143658561112664))
((3,0),(1.0,0.9020778165361167))
((29,49),(3.0,3.289900072003206))
((2,54),(1.0,0.6958292092077858))
((29,62),(1.0,0.6314151301663897))
((12,66),(3.0,2.5043772579113197))
((2,61),(1.0,0.9300681120880321))
((23,13),(4.0,3.9136342927878642))
((18,22),(1.0,1.3093660630276585))
((14,1),(1.0,0.7358622781139004))
((3,83),(1.0,1.0887725141679683))
((7,56),(1.0,1.2662076539489218))
((5,19),(1.0,1.2068712332650557))
((26,21),(3.0,2.844454522174763))
((19,96),(1.0,1.2214264349208321))
((23,67),(1.0,1.0606486187014696))
((25,97),(2.0,1.8372637428166199))
((24,48),(1.0,1.0932203928841089))
((11,39),(1.0,1.2531538520645928))
((26,5),(2.0,1.9456966972261913))
((0,29),(1.0,1.3577351538901803))
((21,71),(1.0,0.8341658399100562))
((11,36),(2.0,1.8248662012748944))
((4,47),(1.0,0.7062185555546994))
((24,67),(1.0,0.9948410784567994))
((12,22),(2.0,1.8337730513824224))
((0,99),(1.0,1.0613694135648817))
((1,57),(1.0,1.3116812679169136))
((4,84),(1.0,1.1141862020812003))
((23,23),(4.0,4.168790920022059))
((24,95),(1.0,1.3252892630462214))
((4,45),(1.0,1.2803852934523747))
((9,49),(5.0,4.723684930517091))
((7,84),(2.0,1.5423530089430075))
((8,51),(1.0,0.5736605037069356))
((13,86),(1.0,0.8285690177820081))
((13,74),(3.0,3.016085141093734))
((28,44),(1.0,1.2811737022700507))
((5,42),(1.0,1.0367224923171907))
((7,53),(1.0,1.417449434543733))
((14,16),(1.0,0.9924787309212992))
((17,70),(1.0,1.0357998040515737))
((23,49),(5.0,4.561833474577505))
((6,54),(1.0,0.8182274918575271))
((23,57),(1.0,1.0445945159846586))
((15,6),(1.0,0.6605303570672))
((10,21),(1.0,1.2373774901136105))
((2,90),(1.0,0.9928446988169686))
((3,79),(3.0,2.645686685538124))
((25,12),(3.0,2.8196729312158135))
((29,10),(3.0,2.8560967120430747))
((23,60),(1.0,1.1976050300488374))
((6,15),(2.0,1.2111139701831557))
((0,94),(1.0,1.1627440628368984))
((5,38),(2.0,1.7526212480174697))
((17,6),(1.0,1.0056397550622151))
((18,55),(1.0,0.9409121106848113))
((24,92),(1.0,1.0248364612130691))
((28,88),(2.0,2.086764183326096))
((11,51),(3.0,2.8925973697093657))
((18,27),(1.0,0.9772806005844682))
((24,69),(5.0,5.26177483529056))
((12,15),(2.0,1.5929571525865929))
((21,59),(3.0,2.6801500573281736))
((7,54),(1.0,0.9832789419863961))
((1,68),(4.0,4.142571633407524))
((8,44),(1.0,0.8290915053107374))
((5,74),(1.0,1.0251450942166782))
((28,12),(5.0,4.71247726227929))
((23,12),(1.0,0.8621064724357967))
((14,37),(2.0,2.4403378846165986))
((11,64),(1.0,1.532014928054184))
((1,82),(1.0,1.680505605972337))
((15,7),(1.0,0.6455149479095565))
((7,4),(1.0,1.6275729206263847))
((25,95),(1.0,0.7999386508500008))
((2,35),(1.0,0.8121560845411114))
((25,92),(1.0,1.4231008901040723))
((17,63),(1.0,0.7996061523682512))
((9,26),(1.0,0.7365292734438316))
((27,43),(1.0,1.1233986575424575))
((10,90),(1.0,1.0137246689100263))
((24,7),(1.0,1.0297627807312164))
((5,5),(1.0,0.9121681199114106))
((15,2),(1.0,1.5379034283218527))
((23,22),(2.0,2.307597187541718))
((27,29),(1.0,1.0640243257232047))
((15,34),(1.0,1.0727745730092741))
((1,33),(1.0,1.1266532609111628))
((17,46),(5.0,5.210212093364354))
((5,4),(1.0,1.2057487994552845))
((23,50),(4.0,4.374732642812833))
((17,45),(1.0,1.141956917894317))
((15,17),(2.0,2.94156180322657))
((5,90),(4.0,3.535922995270894))
((8,56),(1.0,1.0249002021748046))
((20,53),(3.0,2.7005022799679113))
((28,39),(2.0,1.8952910642466325))
((9,7),(5.0,4.506498545767277))
((22,70),(3.0,2.5306724333195474))
((16,99),(1.0,1.0959802560275045))
((2,37),(5.0,4.696295186290522))
((25,2),(1.0,1.1332483787648018))
((17,33),(1.0,1.1905695021648521))
((25,36),(1.0,0.8907124999693141))
((7,26),(1.0,0.8295975030434846))
((24,77),(4.0,4.020366035984276))
((10,41),(2.0,2.2390476036897766))
((13,63),(2.0,2.3842056663222593))
((26,16),(1.0,1.014910133883521))
((7,66),(1.0,0.8717618444061455))
((17,51),(1.0,1.0065271949702912))
((14,56),(1.0,1.0546308469504864))
((29,7),(2.0,2.639898776971091))
((26,18),(3.0,3.141352031254163))
((5,86),(1.0,0.9867142623234316))
((8,2),(4.0,3.8832832790253233))
((12,56),(2.0,1.895854307788488))
((10,97),(1.0,1.106680759067854))
((28,58),(1.0,1.0917415841648224))
((29,42),(1.0,0.811711538245967))
((22,9),(1.0,1.3018495512438373))
((20,70),(2.0,2.275780767544677))
((25,37),(1.0,1.0089602173181622))
((28,38),(2.0,1.9685681716901557))
((7,40),(2.0,1.7772634840108015))
((26,7),(5.0,5.044369563860888))
((29,97),(1.0,1.2114179086052235))
((17,78),(1.0,1.0157455275177774))
((19,49),(1.0,1.4867989828896437))
((22,48),(1.0,0.7495185513717875))
((6,71),(2.0,1.8370312654556433))
((23,30),(4.0,3.997023184962485))
((9,90),(3.0,3.1505950495902604))
((1,19),(1.0,1.3328021102233725))
((4,52),(4.0,3.7545003638905907))
((7,25),(5.0,4.7233372833121035))
((13,79),(2.0,2.16309193548133))
((12,74),(1.0,0.8561549819686798))
((0,19),(1.0,1.5934986360907062))
((27,19),(3.0,2.8764519367218386))
((4,60),(3.0,2.922092907460396))
((27,66),(3.0,2.9467303957486983))
((28,19),(3.0,2.6769070564106228))
((9,30),(3.0,2.9683711793770633))
((11,69),(5.0,4.818836363168394))
((17,37),(1.0,0.9047574139302881))
((3,86),(1.0,0.9375772889143061))
((24,82),(1.0,1.2755683914413642))
((27,72),(1.0,1.2037572267403283))
((3,16),(1.0,1.266531039175773))
((4,46),(1.0,1.079822267862109))
((7,55),(1.0,1.5238530574795301))
((11,76),(1.0,0.9684469953004962))
((16,94),(3.0,3.3875284563198047))
((20,60),(1.0,1.1641906562433304))
((13,45),(1.0,0.6147129729822476))
((20,8),(1.0,0.9771633512417122))
((0,46),(1.0,1.1234589847980017))
((26,1),(1.0,0.6455088764282819))
((15,25),(1.0,0.7148486694325074))
((25,79),(1.0,1.140298275520111))
((1,2),(2.0,1.7991053407121211))
((24,4),(1.0,1.1370438943987282))
((19,74),(3.0,3.1271848492128678))
((13,14),(2.0,2.022566338463366))
((16,93),(1.0,0.8825923246772631))
((1,78),(1.0,0.9709656884333873))
((2,83),(5.0,5.177047870408887))
((5,81),(2.0,1.7911131432607887))
((1,27),(1.0,0.6929220491592487))
((11,35),(3.0,3.194376900780602))
((28,81),(5.0,4.742669721591086))
((17,58),(1.0,1.1271608538349953))
((28,23),(3.0,3.124451778189516))
((19,4),(1.0,1.299247160687643))
((22,37),(1.0,1.2352969942284169))
((17,10),(4.0,3.798402408242347))
((12,53),(1.0,1.248511178184355))
((18,81),(3.0,2.9300708694556894))
((20,21),(2.0,2.1489731533240084))
((16,95),(2.0,1.6870890558836575))
((27,87),(2.0,1.733494579525181))
((4,11),(1.0,1.0079109719556605))
((21,22),(1.0,1.145149489589972))
((22,18),(3.0,3.0483543531122206))
((2,64),(1.0,0.7098660385431711))
((11,86),(1.0,0.7960484393778213))
((12,45),(1.0,1.1019774374281976))
((14,62),(4.0,4.063015090138096))
((0,72),(1.0,1.0768466181468335))
((15,74),(1.0,1.233061444620238))
((16,34),(1.0,0.9755487169691397))
((7,37),(2.0,1.5561785327939504))
((14,17),(1.0,1.1451932589218417))
((24,45),(2.0,1.955943482682974))
((1,44),(1.0,0.8526887099151845))
((14,49),(1.0,0.7666190546637139))
((7,10),(1.0,0.9896279519056045))
((24,37),(1.0,0.8996291429428709))
((8,60),(3.0,2.8475771560574463))
((5,20),(3.0,3.1802582558679546))
((8,86),(1.0,0.9422824652219861))
((28,60),(1.0,0.8616309328761207))
((20,55),(1.0,1.1754759606692282))
((2,18),(2.0,2.0987280846862033))
((17,97),(1.0,0.9934923188954102))
((2,34),(4.0,4.0121957254066825))
((13,21),(1.0,1.1394018537340287))
((29,14),(1.0,0.9538442250769626))
((29,59),(1.0,0.8815688327476199))
((5,23),(3.0,3.0412592821986926))
((12,87),(1.0,0.8185046284028614))
((20,30),(2.0,1.984528837408901))
((27,22),(2.0,1.6174539499192169))
((19,32),(4.0,3.646424909435969))
((12,31),(4.0,3.557259021050479))
((20,22),(5.0,4.878975557064064))
((4,50),(1.0,1.1007454242493682))
((7,18),(1.0,1.0674111840871015))
((18,26),(1.0,1.2075936728878611))
((29,32),(4.0,3.2246583600965613))
((25,29),(1.0,1.1867864722469197))
((28,62),(3.0,3.201788741836957))
((20,51),(3.0,3.036118593629453))
((3,33),(1.0,1.3548762855644818))
((18,62),(1.0,1.1067712618530836))
((20,24),(2.0,2.4666733553256313))
((14,95),(2.0,2.535605502160375))
((2,40),(4.0,3.8481029880558584))
((10,86),(1.0,1.2221953341392267))
((11,6),(2.0,2.275186990288971))
((24,43),(3.0,2.8484360580868624))
((24,99),(1.0,0.8969293756665282))
((15,35),(2.0,2.178472652574742))
((8,21),(1.0,1.138102931315336))
((24,84),(1.0,0.9508394702601835))
((3,87),(2.0,2.7005087691688914))
((27,68),(1.0,1.3865803778281103))
((11,37),(2.0,1.8591973071816583))
((18,43),(1.0,0.6508430783272788))
((17,68),(4.0,4.1256897717653125))
((2,80),(1.0,1.1708600441148471))
((3,65),(2.0,1.9950698189552885))
((5,58),(1.0,1.0088543930969252))
((13,0),(1.0,0.8830537910578236))
((22,56),(2.0,1.6494734732880347))
((1,94),(2.0,2.250222011078277))
((14,67),(3.0,2.7379653849940278))
((3,7),(3.0,2.7762241790674977))
((13,20),(1.0,0.9955889029233378))
((19,26),(1.0,1.0282679873051739))
((12,27),(5.0,5.005475728132929))
((5,21),(2.0,2.0748401339637272))
((25,17),(1.0,1.1342369195049464))
((6,69),(1.0,1.1440310280955706))
((28,89),(4.0,3.9831865024989637))
((9,81),(2.0,1.9801709770375053))
((7,14),(2.0,1.9173465176326325))
((28,6),(1.0,1.5470898708785628))
((5,1),(1.0,1.091637942964771))
((6,59),(1.0,1.1574388946255905))
((5,56),(3.0,2.906478889907219))
((20,40),(1.0,0.8262337121635752))
((2,9),(1.0,1.258049815453297))
((16,30),(2.0,2.3476420006650374))
((9,4),(1.0,1.1719587696096043))
((25,64),(2.0,1.6307228648683365))
((16,47),(3.0,2.802421210303164))
((27,52),(1.0,0.865536229888458))
((14,52),(5.0,5.016537770530959))
((15,58),(1.0,0.7555194939172136))
((27,71),(2.0,2.495876495425991))
((9,77),(2.0,1.9959714298747233))
((20,0),(1.0,0.8701420813506817))
((16,98),(3.0,3.0692282089559813))
((27,95),(1.0,1.1103029389843866))
((28,65),(1.0,0.9760124066577933))
((19,2),(1.0,0.7799876499687497))
((20,64),(1.0,1.0659697729606337))
((12,44),(2.0,2.015744350230875))
((28,56),(1.0,1.2375100399206946))
((28,82),(4.0,3.2647032043890376))
((1,41),(2.0,1.915485005136746))
((4,96),(1.0,1.3945312065684459))
((15,28),(2.0,2.104052832288814))
((22,78),(1.0,1.1593190910411522))
((21,3),(1.0,1.4439294629404587))
((5,13),(3.0,2.9461494398193437))
((27,80),(3.0,3.0567192508582197))
((2,19),(4.0,4.018981229604145))
((23,59),(1.0,1.233125681873879))
((24,65),(1.0,1.1212408492548667))
((0,91),(3.0,2.617023201996566))
((10,0),(3.0,2.8198988164194136))
((4,41),(4.0,3.836205738885696))
((16,63),(2.0,2.1663873254835977))
((0,67),(1.0,1.4295521021388686))
((11,43),(2.0,2.1887532075975242))
((16,2),(1.0,0.9830832955254105))
((29,90),(4.0,4.1257707945876865))
((10,52),(1.0,1.2308701094400138))
((15,5),(2.0,1.5886300969931746))
((12,57),(1.0,0.6652908888726525))
((21,74),(4.0,3.863500043222351))
((13,62),(1.0,1.2447197576975588))
((28,14),(1.0,1.010185340820402))
((19,72),(1.0,1.0487852666562913))
((6,95),(2.0,1.84181496800948))
((19,41),(1.0,1.1946213137384394))
((3,66),(1.0,1.2757280919929974))
((21,23),(1.0,1.131970249867567))
((1,37),(1.0,1.0786510987687794))
((19,37),(1.0,0.5117592740017967))
((21,11),(1.0,0.9134644918730601))
((2,92),(4.0,3.7361291898486906))
((17,95),(2.0,2.2652754317734267))
((22,55),(1.0,0.6475185169797224))
((16,5),(3.0,2.9809619446998386))
((21,87),(4.0,3.4074163151537875))
((9,64),(3.0,2.4686743296932425))
((19,86),(1.0,0.8906516664197613))
((11,20),(1.0,0.9245415384635226))
((8,77),(3.0,2.8028379034679274))
((23,10),(4.0,3.7607793111098706))
((12,98),(2.0,2.2947576247374766))
((14,5),(1.0,0.926114807709477))
((1,97),(1.0,0.7151950322875658))
((26,58),(1.0,0.915164440098096))
((20,78),(1.0,0.9722428616422576))
((17,93),(1.0,0.917612726485357))
((0,15),(1.0,1.08587983608723))
((20,32),(2.0,2.1870933252385))
((11,62),(1.0,0.6483578826922116))
((19,6),(2.0,1.858100795923812))
((11,45),(1.0,0.9516627997242972))
((0,96),(1.0,0.8471673675106235))
((26,48),(1.0,1.1782229601329188))
((1,40),(1.0,1.0170993741062735))
((0,47),(1.0,1.0560462494020426))
((23,4),(1.0,0.5996217778133652))
((2,78),(1.0,1.0252984076144738))
((24,10),(2.0,1.8883248293369386))
((19,61),(1.0,0.7836673806449471))
((15,13),(1.0,1.2215825475701583))
((11,21),(1.0,0.8530587906164344))
((14,24),(1.0,0.6836101864056446))
((24,47),(1.0,1.1732436737561631))
((25,31),(2.0,2.2017931355809193))
((20,84),(2.0,1.5388591289131632))
((23,2),(1.0,1.0200891974936435))
((10,43),(1.0,0.8430265793552145))
((8,95),(4.0,3.636200874594675))
((13,87),(2.0,2.5140087830371))
((18,10),(1.0,0.9900494880632162))
((14,3),(3.0,2.612257945511471))
((16,56),(2.0,2.040167734205216))
((12,92),(1.0,0.7882226322698345))
((6,5),(1.0,0.9785069705509604))
((10,42),(3.0,3.0616329242487197))
((13,98),(1.0,1.3349123189992431))
((7,15),(1.0,1.2109423970392874))
((21,27),(1.0,0.7577465308201208))
((19,95),(2.0,1.6198167790548688))
((5,61),(1.0,1.0638037563438512))
((19,23),(1.0,1.0689950264645622))
((21,46),(1.0,1.127478514443153))
((4,97),(1.0,0.9027226799740871))
((5,50),(3.0,2.6486694160026034))
((18,77),(1.0,0.6374460700883811))
((11,59),(1.0,1.2152298795959031))
((23,28),(1.0,0.8417425647404664))
((2,68),(1.0,0.8258160991481485))
((2,89),(4.0,4.112677415358808))
((7,75),(1.0,0.9286179545160325))
((19,79),(1.0,1.225438684058079))
((2,65),(1.0,1.067711323290451))
((0,51),(1.0,0.776414888814422))
((21,17),(1.0,0.9275236516946936))
((26,27),(1.0,1.2625194624334632))
((17,11),(1.0,0.9181646486342374))
((25,51),(1.0,1.2967377265084012))
((5,15),(1.0,0.9495006946653988))
((5,70),(1.0,1.1588709891345221))
((11,80),(3.0,2.9164475806355212))
((3,43),(1.0,0.7907341174321187))
((4,31),(1.0,1.2927065730111649))
((6,79),(1.0,0.7282276987586211))
((0,45),(2.0,1.2477507095749656))
((11,79),(5.0,4.661127030995453))
((25,33),(4.0,3.938383352059951))
((1,3),(1.0,1.231862233760111))
((0,26),(3.0,3.149940367498309))
((14,4),(1.0,0.8254375584972753))
((22,36),(3.0,2.9076988068463567))
((4,51),(1.0,1.1164807374185632))
((24,42),(1.0,0.85577914914333))
((21,68),(1.0,0.9010596383295435))
((15,32),(1.0,1.6077067316412625))
((7,49),(1.0,1.1871947746169118))
((18,39),(5.0,4.6881793716645745))
((21,53),(5.0,4.6448010834067635))
((8,19),(1.0,0.6120450846650689))
((25,26),(2.0,1.672409332374488))
((12,96),(1.0,0.9852408650922957))
((7,76),(3.0,3.114750960497071))
((6,39),(1.0,1.6258964536287963))
((7,62),(3.0,2.9327299679188528))
((12,6),(1.0,1.3946352699389544))
((1,50),(1.0,0.9750473351378703))
((12,38),(1.0,1.6807163462854202))
((14,51),(1.0,0.9139794845156911))
((28,83),(1.0,1.2497898487838452))
((13,53),(3.0,3.23560126305262))
((19,55),(1.0,1.7047756556939122))
((11,13),(4.0,3.966360490684305))
((6,24),(1.0,1.1204870776683888))
((4,65),(1.0,0.9310607473261978))
((10,49),(3.0,3.169843391062381))
((14,53),(3.0,3.20419249353903))
((16,90),(5.0,4.860060098603546))
((12,16),(4.0,3.914599213320022))
((0,59),(2.0,1.9029172776675938))
((14,15),(1.0,1.3195852389759328))
((14,21),(1.0,0.7419940890952672))
((0,83),(1.0,0.4604761582051263))
((8,11),(1.0,1.2205442182468853))
((16,46),(1.0,1.0202572110963677))
((7,97),(1.0,0.9611335034813122))
((6,21),(1.0,0.8808780764798527))
((10,40),(4.0,3.8374796944695913))
((20,2),(2.0,2.0695240050483763))
((7,67),(3.0,3.191773907809658))
((15,27),(1.0,1.9915586072754086))
((21,58),(3.0,3.3916105949235575))
((17,22),(4.0,3.765986191103745))
((6,81),(1.0,1.3851841326029672))
((27,92),(1.0,1.1132397676317392))
((11,16),(1.0,1.2087131276090302))
((20,39),(1.0,0.9633206985990252))
((18,46),(1.0,1.053216320337179))
((9,39),(1.0,0.7161950739225036))
((28,54),(1.0,1.2755427545671714))
((23,53),(1.0,0.6990694314854027))
((11,41),(1.0,0.7821584074507737))
((25,58),(2.0,2.1368707586841866))
((0,37),(1.0,0.9934513401539646))
((27,42),(1.0,1.0376509603921904))
((9,68),(1.0,1.1963231043441906))
((12,7),(3.0,3.093582803863802))
((4,23),(1.0,1.0799593364643818))
((0,64),(1.0,1.0071058991843285))
((29,17),(3.0,3.437607737729701))
((21,89),(2.0,1.7529640724925677))
((20,90),(3.0,2.9189611805906903))
((21,12),(1.0,0.9290544885326006))
((21,30),(2.0,2.062645732028429))
((11,82),(1.0,0.9448908896628088))
((9,54),(1.0,0.566342196874585))
((14,12),(1.0,0.7456128154720587))
((13,54),(1.0,1.0166257099968088))
((12,95),(2.0,2.177965494233713))
((18,21),(2.0,2.039881324916459))
((14,29),(5.0,4.918390806936086))
((25,47),(4.0,3.9343035399720367))
((16,21),(2.0,2.4361179568759654))
((5,99),(1.0,0.8553795005560781))
((18,63),(1.0,0.6669485330036826))
((20,4),(2.0,2.26946716046588))
((18,13),(1.0,1.1049558340976229))
((6,22),(1.0,0.5789721965541185))
((21,56),(1.0,0.9295458917351357))
((18,97),(1.0,1.0910139641554226))
((15,36),(1.0,0.8130914218382155))
((8,15),(1.0,1.3274642378129502))
((27,18),(4.0,4.090288784633669))
((8,79),(1.0,0.8017963785674929))
((1,93),(1.0,1.1846631840248751))
((7,11),(2.0,1.9934816742289883))
((23,29),(1.0,0.8343489087311631))
((9,22),(1.0,1.1535831630145867))
((10,24),(1.0,1.2783663942499774))
((21,80),(1.0,0.9909374743271542))
((25,85),(1.0,0.9048929845563092))
((25,1),(3.0,2.721189301086712))
((29,3),(1.0,0.7642759295562623))
((20,1),(1.0,1.3431390731805601))
((25,94),(1.0,0.7851499097185983))
((28,59),(1.0,1.0954938142631754))
((3,81),(1.0,0.8932824488383443))
((21,92),(2.0,2.515757865788812))
((3,62),(1.0,1.148917747846177))
((9,95),(3.0,2.639458029654027))
((22,3),(2.0,1.8872263200122616))
((23,82),(2.0,2.066612694332347))
((0,12),(2.0,2.181542067486428))
((25,70),(1.0,0.9735326820687162))
((29,61),(1.0,0.935063739922669))
((25,76),(1.0,1.1923049333656177))
((3,8),(3.0,2.9842617271596064))
((12,54),(1.0,0.9462158880107987))
((27,60),(1.0,1.034851107095776))
((16,14),(1.0,1.0811676722919463))
((0,27),(1.0,1.3239756220727616))
((16,6),(2.0,2.1532744630320524))
((22,88),(5.0,4.870586055879687))
((9,60),(1.0,1.0600929168466735))
((20,92),(2.0,1.8339117672251328))
((12,64),(5.0,4.900350530185326))
((29,23),(4.0,4.029621915562748))
((29,75),(1.0,1.248975132712562))
((16,81),(1.0,0.8537063169182413))
((23,72),(1.0,1.4877253245717394))
((10,68),(1.0,1.1158209258330725))
((4,35),(1.0,1.2008370203321324))
((6,88),(1.0,0.889278531628138))
((0,55),(1.0,1.2919863423690938))
((22,63),(1.0,1.3436803740735326))
((7,92),(2.0,1.4955855296292557))
((11,67),(1.0,1.159089550949309))
((4,6),(1.0,1.1522311694515965))
((3,2),(1.0,0.9934941674502156))
((12,88),(1.0,0.7553075823708566))
((26,62),(2.0,2.318186451141578))
((24,59),(4.0,3.982168795070729))
((20,97),(1.0,1.0714313067560157))
((24,15),(1.0,1.0289487850739416))
((25,18),(1.0,0.9540698046732499))
((20,50),(1.0,1.2806603555899123))
((8,45),(1.0,1.198514089760409))
((9,97),(2.0,1.8406880472296856))
((8,88),(1.0,1.5478601442574078))
((16,48),(1.0,0.8632324007397649))
((12,23),(3.0,3.2495729157994084))
((5,72),(1.0,0.5896849021043691))
((14,98),(1.0,0.7456326766157209))
((21,54),(1.0,1.3072733307326163))
((8,83),(1.0,1.2188226021775848))
((25,9),(1.0,1.3910126819063895))
((25,68),(1.0,0.9604911363324131))
((9,98),(1.0,0.7327294626619825))
((18,36),(1.0,1.1225462354745774))
((4,54),(1.0,0.852828837590573))
((2,4),(3.0,2.851796978171798))
((5,9),(3.0,2.9903261471259266))
((29,68),(3.0,2.804582883376355))
((22,51),(5.0,5.394851989692942))
((29,99),(1.0,0.9657371002875992))
((0,48),(1.0,0.9519618022456178))
((3,15),(1.0,0.7773533995462836))
((1,58),(1.0,0.9964134085373606))
((19,63),(1.0,0.5254565326499403))
((0,89),(2.0,2.211682172468417))
((15,0),(1.0,1.1815569260486065))
((6,49),(1.0,1.118000742983365))
((13,27),(1.0,0.9204219819084486))
((26,44),(1.0,0.9787847707862202))
((23,15),(1.0,1.3106914698311356))
((8,33),(1.0,0.6971893575603701))
((12,14),(1.0,1.0250816416220485))
((28,13),(2.0,2.228628243197445))
((6,9),(1.0,1.0470887066000127))
((18,84),(1.0,1.043924213395023))
((11,48),(5.0,4.813746426524196))
((2,93),(5.0,4.940528262227152))
((8,92),(2.0,2.0378743753464965))
((22,69),(4.0,3.790165208984401))
((6,68),(1.0,0.7926373520071543))
((18,12),(2.0,1.9064419787043199))
((1,36),(2.0,1.4253971040371312))
((27,25),(1.0,1.3244933856537022))
((17,29),(1.0,1.4935848540354435))
((28,36),(1.0,1.2596681478230565))
((6,73),(1.0,1.2821512993477007))
((12,2),(1.0,0.9786524964088592))
((25,40),(1.0,0.9160319001773709))
((27,93),(1.0,1.182381865183412))
((22,44),(1.0,1.0709437111794846))
((22,14),(1.0,1.1637165418079625))
((11,72),(3.0,2.964123727926194))
((7,32),(1.0,0.978249405433889))
((22,66),(1.0,1.014408103171327))
((25,7),(1.0,0.6469711776753683))
((11,81),(4.0,3.9113993003654968))
((25,91),(3.0,2.614464397910967))
((2,85),(1.0,1.2004606291901705))
((18,99),(2.0,1.924928526770977))
((6,0),(1.0,0.8831166985567815))
((23,77),(1.0,0.831868242272346))
((4,30),(1.0,1.2751389750001918))
((3,70),(1.0,1.3593710572671984))
((13,90),(1.0,0.8813951131344642))
((15,85),(1.0,1.111437627051071))
((13,85),(1.0,0.9435707581185482))
((1,81),(1.0,0.91117826704432))
((23,26),(1.0,1.5347570929994965))
((14,11),(1.0,0.9412938515467909))
((12,50),(4.0,3.648546572708564))
((24,30),(5.0,4.8984093700243045))
((4,13),(1.0,0.8932535644751141))
((26,22),(5.0,5.210894639637904))
((18,11),(4.0,3.916777672327683))
((27,28),(1.0,1.2413400306138958))
((4,49),(2.0,1.531762694743382))
((13,4),(2.0,2.041454374449586))
((9,19),(1.0,1.5367281569799234))
((8,36),(1.0,1.0195179243447177))
((25,53),(1.0,0.5202773222126726))
((12,85),(1.0,1.0894668135564616))
((0,23),(1.0,0.7770557344396047))
((15,14),(1.0,0.8233761100122954))
((19,38),(1.0,0.7183110982145514))
((4,8),(1.0,1.1925834075143598))
((20,94),(4.0,3.611220926362476))
((1,96),(1.0,1.2964373880051496))
((5,49),(4.0,3.985313720988048))
((27,9),(1.0,0.5676209054287473))
((27,98),(1.0,1.3926272511873845))
((21,66),(1.0,1.2544456691159207))
((2,55),(1.0,1.6528604312676096))
((9,71),(1.0,0.7030873301230558))
((2,10),(1.0,0.7698047571319597))
((20,57),(2.0,2.03198315049999))
((15,42),(1.0,1.0511927570070256))
((26,96),(1.0,0.7381197594390203))
((19,50),(2.0,1.9208048046143436))
((8,78),(1.0,1.0010690730815175))
((4,99),(1.0,1.0050616400141736))
((28,63),(1.0,1.1092623450945003))
((18,83),(5.0,5.0434919130943054))
((7,74),(1.0,1.1650747877060035))
((19,33),(1.0,0.9368099234534613))
((7,85),(4.0,3.698893750484237))
((21,40),(2.0,2.3458483460781236))
((9,12),(1.0,0.8557004791138245))
((26,4),(4.0,3.6588961114910794))
((29,51),(2.0,1.9475619863012892))
((21,99),(1.0,1.017146786845132))
((23,25),(1.0,0.9164642959456955))
((16,72),(1.0,1.4049328047103398))
((25,35),(2.0,2.325874448873979))
((14,94),(1.0,0.8679561259700544))
((13,26),(1.0,0.7930567541252636))
((2,52),(2.0,2.1212890156185913))
((16,82),(1.0,0.8664784401556931))
((0,34),(1.0,0.8162058156115264))
((20,12),(1.0,0.8971051233681289))
((5,52),(1.0,0.9310510119198534))
((27,40),(1.0,1.0798825080316556))
((11,99),(1.0,1.007947830987367))
((22,71),(1.0,0.776017804506482))
((4,98),(1.0,1.1783033446942994))
((14,96),(4.0,3.8028677668767523))
((3,72),(2.0,1.8086148178318115))
((10,8),(1.0,0.9114146474561337))
((19,54),(3.0,2.8869041410483685))
((10,63),(1.0,0.9791389790536444))
((24,86),(1.0,0.7962785094129483))
((23,18),(4.0,3.8391973891331777))
((28,78),(1.0,0.9819332782384764))
((5,85),(1.0,1.3830437406692786))
((16,55),(1.0,0.9609328204621481))
((8,62),(4.0,4.205033708932087))
((7,98),(1.0,0.7068555817446924))
((18,57),(1.0,1.2551084220973647))
((29,38),(3.0,2.3263027751748813))
((11,32),(5.0,5.4254903266282035))
((23,24),(1.0,1.2001061122719558))
((21,20),(1.0,1.0557288002607323))
((22,10),(1.0,1.101176550942954))
((24,19),(1.0,0.9011112374027412))
((13,72),(3.0,2.570876873770795))
((10,25),(3.0,3.18340561314608))
((11,88),(1.0,1.1649134611535583))
((20,41),(2.0,2.0464832613334987))
((21,64),(1.0,0.9166718557342639))
((2,12),(3.0,3.02598742328898))
((11,12),(1.0,1.5636456085636063))
((7,63),(2.0,2.4358447117725737))
((12,35),(5.0,4.391725093297635))
((6,2),(3.0,2.6284507204643726))
((15,46),(5.0,4.739595229373775))
((2,28),(1.0,1.2430782445683939))
((9,5),(1.0,0.7820813977009577))
